2.5152e-06,1.3326e-06,0.6868,450,13.004,8.8753e-05
2.5151e-06,1.3318e-06,0.68676,450,13.004,8.8329e-05
2.5151e-06,1.3318e-06,0.68676,450,13.004,8.8329e-05
2.5151e-06,1.3318e-06,0.68676,450,13.004,8.8329e-05
2.5151e-06,1.3318e-06,0.68676,450,13.004,8.8329e-05
2.5151e-06,1.3318e-06,0.68676,450,13.004,8.8329e-05
2.5151e-06,1.3318e-06,0.68676,450,13.004,8.8329e-05
2.5151e-06,1.3318e-06,0.68676,450,13.004,8.8329e-05
2.5151e-06,1.3318e-06,0.68676,450,13.004,8.8329e-05
2.5151e-06,1.3318e-06,0.68676,450,13.004,8.8329e-05
2.5151e-06,1.3318e-06,0.68676,450,13.004,8.8329e-05
2.515e-06,1.3314e-06,0.68675,450,13.004,8.8119e-05
2.515e-06,1.3314e-06,0.68675,450,13.004,8.8119e-05
2.515e-06,1.3314e-06,0.68675,450,13.004,8.8119e-05
2.5149e-06,1.3306e-06,0.68671,450,13.004,8.77e-05
2.5149e-06,1.3306e-06,0.68671,450,13.004,8.77e-05
2.5148e-06,1.3302e-06,0.68669,450,13.004,8.7492e-05
2.5148e-06,1.3302e-06,0.68669,450,13.004,8.7492e-05
2.5148e-06,1.3302e-06,0.68669,450,13.004,8.7492e-05
2.5148e-06,1.3302e-06,0.68669,450,13.004,8.7492e-05
2.5141e-06,1.327e-06,0.68652,450,13.004,8.5788e-05
2.5141e-06,1.327e-06,0.68652,450,13.004,8.5788e-05
2.5141e-06,1.327e-06,0.68652,450,13.004,8.5788e-05
2.5141e-06,1.327e-06,0.68652,450,13.004,8.5788e-05
2.5141e-06,1.327e-06,0.68652,450,13.004,8.5788e-05
2.5141e-06,1.327e-06,0.68652,450,13.004,8.5788e-05
2.5141e-06,1.327e-06,0.68652,450,13.004,8.5788e-05
2.5141e-06,1.327e-06,0.68652,450,13.004,8.5788e-05
2.5141e-06,1.327e-06,0.68652,450,13.004,8.5788e-05
2.5141e-06,1.3269e-06,0.68651,450,13.004,8.5738e-05
2.5141e-06,1.3268e-06,0.68651,450,13.004,8.5688e-05
2.514e-06,1.3266e-06,0.6865,450,13.004,8.5587e-05
2.5139e-06,1.3262e-06,0.68648,450,13.004,8.5386e-05
2.5137e-06,1.3254e-06,0.68644,450,13.004,8.4979e-05
2.5137e-06,1.3254e-06,0.68644,450,13.004,8.4979e-05
2.5137e-06,1.3254e-06,0.68644,450,13.004,8.4979e-05
2.5137e-06,1.3254e-06,0.68644,450,13.004,8.4979e-05
2.5137e-06,1.3252e-06,0.68643,450,13.004,8.4879e-05
2.5137e-06,1.3252e-06,0.68643,450,13.004,8.4879e-05
2.5137e-06,1.3252e-06,0.68643,450,13.004,8.4879e-05
2.5137e-06,1.3252e-06,0.68643,450,13.004,8.4879e-05
2.5137e-06,1.3252e-06,0.68643,450,13.004,8.4879e-05
2.5137e-06,1.3252e-06,0.68643,450,13.004,8.4879e-05
2.5137e-06,1.3252e-06,0.68643,450,13.004,8.4879e-05
2.5137e-06,1.3252e-06,0.68643,450,13.004,8.4879e-05
2.5137e-06,1.3252e-06,0.68643,450,13.004,8.4879e-05
2.5137e-06,1.3252e-06,0.68643,450,13.004,8.4879e-05
2.5137e-06,1.3252e-06,0.68643,450,13.004,8.4879e-05
2.5137e-06,1.3252e-06,0.68643,450,13.004,8.4879e-05
2.5137e-06,1.3252e-06,0.68643,450,13.004,8.4879e-05
2.5137e-06,1.3252e-06,0.68643,450,13.004,8.4879e-05
2.5137e-06,1.3252e-06,0.68643,450,13.004,8.4879e-05
2.5137e-06,1.3252e-06,0.68643,450,13.004,8.4879e-05
2.5137e-06,1.3252e-06,0.68643,450,13.004,8.4879e-05
2.5137e-06,1.3252e-06,0.68643,450,13.004,8.4879e-05
2.5137e-06,1.3252e-06,0.68643,450,13.004,8.4879e-05
2.5137e-06,1.3252e-06,0.68643,450,13.004,8.4879e-05
2.5137e-06,1.3252e-06,0.68643,450,13.004,8.4879e-05
2.5137e-06,1.3252e-06,0.68643,450,13.004,8.4879e-05
2.5137e-06,1.3252e-06,0.68643,450,13.004,8.4879e-05
2.5137e-06,1.3252e-06,0.68643,450,13.004,8.4879e-05
2.5137e-06,1.3252e-06,0.68643,450,13.004,8.4879e-05
2.5137e-06,1.3252e-06,0.68643,450,13.004,8.4879e-05
2.5137e-06,1.3252e-06,0.68643,450,13.004,8.4879e-05
2.5137e-06,1.3252e-06,0.68643,450,13.004,8.4879e-05
2.5137e-06,1.3252e-06,0.68643,450,13.004,8.4879e-05
2.5137e-06,1.3252e-06,0.68643,450,13.004,8.4879e-05
2.5137e-06,1.3252e-06,0.68643,450,13.004,8.4879e-05
2.5137e-06,1.3252e-06,0.68643,450,13.004,8.4879e-05
2.5137e-06,1.3252e-06,0.68643,450,13.004,8.4879e-05
2.5137e-06,1.3252e-06,0.68643,450,13.004,8.4879e-05
2.5137e-06,1.3252e-06,0.68643,450,13.004,8.4879e-05
2.5137e-06,1.3252e-06,0.68643,450,13.004,8.4879e-05
2.5137e-06,1.3252e-06,0.68643,450,13.004,8.4879e-05
2.5137e-06,1.3252e-06,0.68643,450,13.004,8.4879e-05
2.5137e-06,1.3252e-06,0.68643,450,13.004,8.4879e-05
2.5137e-06,1.3252e-06,0.68643,450,13.004,8.4879e-05
2.5137e-06,1.3252e-06,0.68643,450,13.004,8.4879e-05
2.5137e-06,1.3252e-06,0.68643,450,13.004,8.4879e-05
2.5137e-06,1.3252e-06,0.68643,450,13.004,8.4879e-05
2.5137e-06,1.3252e-06,0.68643,450,13.004,8.4879e-05
2.5137e-06,1.3252e-06,0.68643,450,13.004,8.4879e-05
2.5137e-06,1.3252e-06,0.68643,450,13.004,8.4879e-05
2.5137e-06,1.3252e-06,0.68643,450,13.004,8.4879e-05
2.5137e-06,1.3252e-06,0.68643,450,13.004,8.4879e-05
2.5137e-06,1.3252e-06,0.68643,450,13.004,8.4879e-05
2.5137e-06,1.3252e-06,0.68643,450,13.004,8.4879e-05
2.5137e-06,1.3252e-06,0.68643,450,13.004,8.4879e-05
2.5137e-06,1.3252e-06,0.68643,450,13.004,8.4879e-05
2.5137e-06,1.3252e-06,0.68643,450,13.004,8.4879e-05
2.5137e-06,1.3252e-06,0.68643,450,13.004,8.4879e-05
2.5137e-06,1.3252e-06,0.68643,450,13.004,8.4879e-05
2.5137e-06,1.3252e-06,0.68643,450,13.004,8.4879e-05
2.5137e-06,1.3252e-06,0.68643,450,13.004,8.4879e-05
2.5137e-06,1.3252e-06,0.68643,450,13.004,8.4879e-05
2.5137e-06,1.3252e-06,0.68643,450,13.004,8.4879e-05
2.5137e-06,1.3252e-06,0.68643,450,13.004,8.4879e-05
2.5137e-06,1.3252e-06,0.68643,450,13.004,8.4879e-05
2.5137e-06,1.3252e-06,0.68643,450,13.004,8.4879e-05
2.5137e-06,1.3252e-06,0.68643,450,13.004,8.4879e-05
2.5137e-06,1.3252e-06,0.68643,450,13.004,8.4879e-05
2.5135e-06,1.3248e-06,0.68641,450,13.004,8.4677e-05
2.5135e-06,1.3248e-06,0.68641,450,13.004,8.4677e-05
2.5124e-06,1.3215e-06,0.68623,450,13.004,8.3029e-05
2.5124e-06,1.3215e-06,0.68623,450,13.004,8.3029e-05
2.5124e-06,1.3215e-06,0.68623,450,13.004,8.3029e-05
2.5124e-06,1.3215e-06,0.68623,450,13.004,8.3029e-05
2.5124e-06,1.3215e-06,0.68623,450,13.004,8.3029e-05
2.5124e-06,1.3215e-06,0.68623,450,13.004,8.3029e-05
2.5124e-06,1.3215e-06,0.68623,450,13.004,8.3029e-05
2.5124e-06,1.3215e-06,0.68623,450,13.004,8.3029e-05
2.5124e-06,1.3215e-06,0.68623,450,13.004,8.3029e-05
2.5124e-06,1.3215e-06,0.68623,450,13.004,8.3029e-05
2.5124e-06,1.3215e-06,0.68623,450,13.004,8.3029e-05
2.5124e-06,1.3215e-06,0.68623,450,13.004,8.3029e-05
2.5124e-06,1.3215e-06,0.68623,450,13.004,8.3029e-05
2.6455e-06,1.0097e-06,0.75141,449.18,16.067,8.1452e-05
2.6455e-06,1.0097e-06,0.75141,449.18,16.067,8.1452e-05
2.6455e-06,1.0097e-06,0.75141,449.18,16.067,8.1452e-05
2.6455e-06,1.0097e-06,0.75141,449.18,16.067,8.1452e-05
2.6455e-06,1.0097e-06,0.75141,449.18,16.067,8.1452e-05
2.6455e-06,1.0097e-06,0.75141,449.18,16.067,8.1452e-05
2.6455e-06,1.0097e-06,0.75141,449.18,16.067,8.1452e-05
2.6455e-06,1.0097e-06,0.75141,449.18,16.067,8.1452e-05
2.6455e-06,1.0097e-06,0.75141,449.18,16.067,8.1452e-05
2.6455e-06,1.0097e-06,0.75141,449.18,16.067,8.1452e-05
2.6455e-06,1.0097e-06,0.75141,449.18,16.067,8.1452e-05
2.645e-06,1.0091e-06,0.75136,449.18,16.067,8.1127e-05
2.645e-06,1.0091e-06,0.75136,449.18,16.067,8.1127e-05
2.6441e-06,1.0079e-06,0.75126,449.18,16.067,8.0464e-05
2.6439e-06,1.0076e-06,0.75123,449.18,16.067,8.0302e-05
2.6429e-06,1.0064e-06,0.75112,449.18,16.067,7.964e-05
2.6429e-06,1.0064e-06,0.75112,449.18,16.067,7.964e-05
2.6429e-06,1.0064e-06,0.75112,449.18,16.067,7.964e-05
2.6429e-06,1.0064e-06,0.75112,449.18,16.067,7.964e-05
2.6429e-06,1.0064e-06,0.75112,449.18,16.067,7.964e-05
2.6424e-06,1.0058e-06,0.75107,449.18,16.067,7.9312e-05
2.6424e-06,1.0058e-06,0.75107,449.18,16.067,7.9312e-05
2.6424e-06,1.0058e-06,0.75107,449.18,16.067,7.9312e-05
2.6424e-06,1.0058e-06,0.75107,449.18,16.067,7.9312e-05
2.6424e-06,1.0058e-06,0.75107,449.18,16.067,7.9312e-05
2.6424e-06,1.0058e-06,0.75107,449.18,16.067,7.9312e-05
2.6424e-06,1.0058e-06,0.75107,449.18,16.067,7.9312e-05
2.6424e-06,1.0058e-06,0.75107,449.18,16.067,7.9312e-05
2.6424e-06,1.0058e-06,0.75107,449.18,16.067,7.9312e-05
2.6424e-06,1.0058e-06,0.75107,449.18,16.067,7.9312e-05
2.6424e-06,1.0058e-06,0.75107,449.18,16.067,7.9312e-05
2.6424e-06,1.0058e-06,0.75107,449.18,16.067,7.9312e-05
2.6424e-06,1.0058e-06,0.75107,449.18,16.067,7.9312e-05
2.6424e-06,1.0058e-06,0.75107,449.18,16.067,7.9312e-05
2.6424e-06,1.0058e-06,0.75107,449.18,16.067,7.9312e-05
2.6424e-06,1.0058e-06,0.75107,449.18,16.067,7.9312e-05
2.6424e-06,1.0058e-06,0.75107,449.18,16.067,7.9312e-05
2.6424e-06,1.0058e-06,0.75107,449.18,16.067,7.9312e-05
2.6424e-06,1.0058e-06,0.75107,449.18,16.067,7.9312e-05
2.6424e-06,1.0058e-06,0.75107,449.18,16.067,7.9312e-05
2.6424e-06,1.0058e-06,0.75107,449.18,16.067,7.9312e-05
2.6424e-06,1.0058e-06,0.75107,449.18,16.067,7.9312e-05
2.6418e-06,1.0052e-06,0.75101,449.18,16.067,7.8975e-05
2.6406e-06,1.004e-06,0.75089,449.18,16.067,7.8285e-05
2.6393e-06,1.0027e-06,0.75075,449.18,16.067,7.7583e-05
2.6393e-06,1.0027e-06,0.75075,449.18,16.067,7.7583e-05
2.6393e-06,1.0027e-06,0.75075,449.18,16.067,7.7583e-05
2.6393e-06,1.0027e-06,0.75075,449.18,16.067,7.7583e-05
2.6386e-06,1.0021e-06,0.75069,449.18,16.067,7.7236e-05
2.6372e-06,1.0008e-06,0.75055,449.18,16.067,7.6527e-05
2.6372e-06,1.0008e-06,0.75055,449.18,16.067,7.6527e-05
2.6372e-06,1.0008e-06,0.75055,449.18,16.067,7.6527e-05
2.6372e-06,1.0008e-06,0.75055,449.18,16.067,7.6527e-05
2.6372e-06,1.0008e-06,0.75055,449.18,16.067,7.6527e-05
2.6372e-06,1.0008e-06,0.75055,449.18,16.067,7.6527e-05
2.6372e-06,1.0008e-06,0.75055,449.18,16.067,7.6527e-05
2.6372e-06,1.0008e-06,0.75055,449.18,16.067,7.6527e-05
2.6372e-06,1.0008e-06,0.75055,449.18,16.067,7.6527e-05
2.6368e-06,1.0004e-06,0.75051,449.18,16.067,7.6353e-05
2.6368e-06,1.0004e-06,0.75051,449.18,16.067,7.6353e-05
2.6366e-06,1.0003e-06,0.75049,449.18,16.067,7.6267e-05
2.6366e-06,1.0003e-06,0.75049,449.18,16.067,7.6267e-05
2.6366e-06,1.0003e-06,0.75049,449.18,16.067,7.6267e-05
2.6366e-06,1.0003e-06,0.75049,449.18,16.067,7.6267e-05
2.6366e-06,1.0003e-06,0.75049,449.18,16.067,7.6267e-05
2.6351e-06,9.9897e-07,0.75034,449.18,16.067,7.5547e-05
2.6351e-06,9.9897e-07,0.75034,449.18,16.067,7.5547e-05
2.6351e-06,9.9897e-07,0.75034,449.18,16.067,7.5547e-05
2.6351e-06,9.9897e-07,0.75034,449.18,16.067,7.5547e-05
2.6351e-06,9.9897e-07,0.75034,449.18,16.067,7.5547e-05
2.6351e-06,9.9897e-07,0.75034,449.18,16.067,7.5547e-05
2.6343e-06,9.9835e-07,0.75027,449.18,16.067,7.521e-05
2.6343e-06,9.9835e-07,0.75027,449.18,16.067,7.521e-05
2.6343e-06,9.9835e-07,0.75027,449.18,16.067,7.521e-05
2.6343e-06,9.9832e-07,0.75027,449.18,16.067,7.519e-05
2.6343e-06,9.9832e-07,0.75027,449.18,16.067,7.519e-05
2.6335e-06,9.9773e-07,0.7502,449.18,16.067,7.4871e-05
2.6335e-06,9.9773e-07,0.7502,449.18,16.067,7.4871e-05
2.6335e-06,9.9773e-07,0.7502,449.18,16.067,7.4871e-05
2.6335e-06,9.9773e-07,0.7502,449.18,16.067,7.4871e-05
2.6335e-06,9.9773e-07,0.7502,449.18,16.067,7.4871e-05
2.6335e-06,9.9773e-07,0.7502,449.18,16.067,7.4871e-05
2.6335e-06,9.9773e-07,0.7502,449.18,16.067,7.4871e-05
2.6335e-06,9.9773e-07,0.7502,449.18,16.067,7.4871e-05
2.6335e-06,9.9773e-07,0.7502,449.18,16.067,7.4871e-05
2.6335e-06,9.9773e-07,0.7502,449.18,16.067,7.4871e-05
2.6335e-06,9.9773e-07,0.7502,449.18,16.067,7.4871e-05
2.6319e-06,9.9648e-07,0.75005,449.18,16.067,7.4203e-05
2.6319e-06,9.9648e-07,0.75005,449.18,16.067,7.4203e-05
2.6319e-06,9.9648e-07,0.75005,449.18,16.067,7.4203e-05
2.6319e-06,9.9648e-07,0.75005,449.18,16.067,7.4203e-05
2.6319e-06,9.9648e-07,0.75005,449.18,16.067,7.4203e-05
2.6319e-06,9.9648e-07,0.75005,449.18,16.067,7.4203e-05
2.6319e-06,9.9648e-07,0.75005,449.18,16.067,7.4203e-05
2.6319e-06,9.9648e-07,0.75005,449.18,16.067,7.4203e-05
2.6319e-06,9.9648e-07,0.75005,449.18,16.067,7.4203e-05
2.6319e-06,9.9648e-07,0.75005,449.18,16.067,7.4203e-05
2.6319e-06,9.9648e-07,0.75005,449.18,16.067,7.4203e-05
2.6319e-06,9.9648e-07,0.75005,449.18,16.067,7.4203e-05
2.6319e-06,9.9648e-07,0.75005,449.18,16.067,7.4203e-05
2.6319e-06,9.9648e-07,0.75005,449.18,16.067,7.4203e-05
2.6319e-06,9.9648e-07,0.75005,449.18,16.067,7.4203e-05
2.6319e-06,9.9648e-07,0.75005,449.18,16.067,7.4203e-05
2.6319e-06,9.9648e-07,0.75005,449.18,16.067,7.4203e-05
2.6319e-06,9.9648e-07,0.75005,449.18,16.067,7.4203e-05
2.6319e-06,9.9648e-07,0.75005,449.18,16.067,7.4203e-05
2.6319e-06,9.9648e-07,0.75005,449.18,16.067,7.4203e-05
2.6319e-06,9.9648e-07,0.75005,449.18,16.067,7.4203e-05
2.6319e-06,9.9648e-07,0.75005,449.18,16.067,7.4203e-05
2.6319e-06,9.9648e-07,0.75005,449.18,16.067,7.4203e-05
2.6319e-06,9.9648e-07,0.75005,449.18,16.067,7.4203e-05
2.6319e-06,9.9648e-07,0.75005,449.18,16.067,7.4203e-05
2.6319e-06,9.9648e-07,0.75005,449.18,16.067,7.4203e-05
2.6319e-06,9.9648e-07,0.75005,449.18,16.067,7.4203e-05
2.6319e-06,9.9648e-07,0.75005,449.18,16.067,7.4203e-05
2.6319e-06,9.9648e-07,0.75005,449.18,16.067,7.4203e-05
2.6319e-06,9.9648e-07,0.75005,449.18,16.067,7.4203e-05
2.6319e-06,9.9648e-07,0.75005,449.18,16.067,7.4203e-05
2.6319e-06,9.9648e-07,0.75005,449.18,16.067,7.4203e-05
2.6319e-06,9.9648e-07,0.75005,449.18,16.067,7.4203e-05
2.6319e-06,9.9648e-07,0.75005,449.18,16.067,7.4203e-05
2.6319e-06,9.9648e-07,0.75005,449.18,16.067,7.4203e-05
2.6319e-06,9.9648e-07,0.75005,449.18,16.067,7.4203e-05
2.6319e-06,9.9648e-07,0.75005,449.18,16.067,7.4203e-05
2.6319e-06,9.9648e-07,0.75005,449.18,16.067,7.4203e-05
2.6319e-06,9.9648e-07,0.75005,449.18,16.067,7.4203e-05
2.6319e-06,9.9648e-07,0.75005,449.18,16.067,7.4203e-05
2.6319e-06,9.9648e-07,0.75005,449.18,16.067,7.4203e-05
2.6319e-06,9.9648e-07,0.75005,449.18,16.067,7.4203e-05
2.6319e-06,9.9648e-07,0.75005,449.18,16.067,7.4203e-05
2.6319e-06,9.9648e-07,0.75005,449.18,16.067,7.4203e-05
2.6319e-06,9.9648e-07,0.75005,449.18,16.067,7.4203e-05
2.6319e-06,9.9648e-07,0.75005,449.18,16.067,7.4203e-05
2.6319e-06,9.9648e-07,0.75005,449.18,16.067,7.4203e-05
2.6319e-06,9.9648e-07,0.75005,449.18,16.067,7.4203e-05
2.6319e-06,9.9648e-07,0.75005,449.18,16.067,7.4203e-05
2.6319e-06,9.9648e-07,0.75005,449.18,16.067,7.4203e-05
2.6319e-06,9.9648e-07,0.75005,449.18,16.067,7.4203e-05
2.6319e-06,9.9648e-07,0.75005,449.18,16.067,7.4203e-05
2.6319e-06,9.9648e-07,0.75005,449.18,16.067,7.4203e-05
2.6319e-06,9.9648e-07,0.75005,449.18,16.067,7.4203e-05
2.6319e-06,9.9648e-07,0.75005,449.18,16.067,7.4203e-05
2.6319e-06,9.9648e-07,0.75005,449.18,16.067,7.4203e-05
2.6319e-06,9.9648e-07,0.75005,449.18,16.067,7.4203e-05
2.6319e-06,9.9648e-07,0.75005,449.18,16.067,7.4203e-05
2.6319e-06,9.9648e-07,0.75005,449.18,16.067,7.4203e-05
2.6319e-06,9.9648e-07,0.75005,449.18,16.067,7.4203e-05
2.6304e-06,9.9518e-07,0.7499,449.18,16.067,7.353e-05
2.6304e-06,9.9518e-07,0.7499,449.18,16.067,7.353e-05
2.6304e-06,9.9518e-07,0.7499,449.18,16.067,7.353e-05
2.6304e-06,9.9518e-07,0.7499,449.18,16.067,7.353e-05
2.6304e-06,9.9518e-07,0.7499,449.18,16.067,7.353e-05
2.6304e-06,9.9518e-07,0.7499,449.18,16.067,7.353e-05
2.6304e-06,9.9518e-07,0.7499,449.18,16.067,7.353e-05
2.6304e-06,9.9518e-07,0.7499,449.18,16.067,7.353e-05
2.6304e-06,9.9518e-07,0.7499,449.18,16.067,7.353e-05
2.6304e-06,9.9518e-07,0.7499,449.18,16.067,7.353e-05
2.6304e-06,9.9518e-07,0.7499,449.18,16.067,7.353e-05
2.6304e-06,9.9517e-07,0.7499,449.18,16.067,7.3525e-05
2.63e-06,9.9486e-07,0.74987,449.18,16.067,7.3365e-05
2.6297e-06,9.9456e-07,0.74983,449.18,16.067,7.321e-05
2.6297e-06,9.9456e-07,0.74983,449.18,16.067,7.321e-05
2.6297e-06,9.9456e-07,0.74983,449.18,16.067,7.321e-05
2.6297e-06,9.9456e-07,0.74983,449.18,16.067,7.321e-05
2.6297e-06,9.9456e-07,0.74983,449.18,16.067,7.321e-05
2.6297e-06,9.9456e-07,0.74983,449.18,16.067,7.321e-05
2.6297e-06,9.9456e-07,0.74983,449.18,16.067,7.321e-05
2.6297e-06,9.9456e-07,0.74983,449.18,16.067,7.321e-05
2.6297e-06,9.9456e-07,0.74983,449.18,16.067,7.321e-05
2.6297e-06,9.9456e-07,0.74983,449.18,16.067,7.321e-05
2.6297e-06,9.9456e-07,0.74983,449.18,16.067,7.321e-05
2.6297e-06,9.9456e-07,0.74983,449.18,16.067,7.321e-05
2.6297e-06,9.9456e-07,0.74983,449.18,16.067,7.321e-05
2.6297e-06,9.9456e-07,0.74983,449.18,16.067,7.321e-05
2.6297e-06,9.9456e-07,0.74983,449.18,16.067,7.321e-05
2.6297e-06,9.9456e-07,0.74983,449.18,16.067,7.321e-05
2.6297e-06,9.9456e-07,0.74983,449.18,16.067,7.321e-05
2.6297e-06,9.9456e-07,0.74983,449.18,16.067,7.321e-05
2.6297e-06,9.9456e-07,0.74983,449.18,16.067,7.321e-05
2.6293e-06,9.9432e-07,0.7498,449.18,16.067,7.3077e-05
2.6277e-06,9.9331e-07,0.74966,449.18,16.067,7.2524e-05
2.6277e-06,9.9331e-07,0.74966,449.18,16.067,7.2524e-05
2.6277e-06,9.9331e-07,0.74966,449.18,16.067,7.2524e-05
2.6277e-06,9.9331e-07,0.74966,449.18,16.067,7.2524e-05
2.6277e-06,9.9331e-07,0.74966,449.18,16.067,7.2524e-05
2.6277e-06,9.9331e-07,0.74966,449.18,16.067,7.2524e-05
2.6277e-06,9.9331e-07,0.74966,449.18,16.067,7.2524e-05
2.6277e-06,9.9331e-07,0.74966,449.18,16.067,7.2524e-05
2.6277e-06,9.9331e-07,0.74966,449.18,16.067,7.2524e-05
2.6277e-06,9.9331e-07,0.74966,449.18,16.067,7.2524e-05
2.6277e-06,9.9331e-07,0.74966,449.18,16.067,7.2524e-05
2.6277e-06,9.9331e-07,0.74966,449.18,16.067,7.2524e-05
2.6277e-06,9.9331e-07,0.74966,449.18,16.067,7.2524e-05
2.6277e-06,9.9331e-07,0.74966,449.18,16.067,7.2524e-05
2.6277e-06,9.9331e-07,0.74966,449.18,16.067,7.2524e-05
2.6277e-06,9.9331e-07,0.74966,449.18,16.067,7.2524e-05
2.6277e-06,9.9331e-07,0.74966,449.18,16.067,7.2524e-05
2.6277e-06,9.9331e-07,0.74966,449.18,16.067,7.2524e-05
2.6277e-06,9.9331e-07,0.74966,449.18,16.067,7.2524e-05
2.6277e-06,9.9331e-07,0.74966,449.18,16.067,7.2524e-05
2.6277e-06,9.9331e-07,0.74966,449.18,16.067,7.2524e-05
2.6277e-06,9.9331e-07,0.74966,449.18,16.067,7.2524e-05
2.6277e-06,9.9331e-07,0.74966,449.18,16.067,7.2524e-05
2.6277e-06,9.9331e-07,0.74966,449.18,16.067,7.2524e-05
2.6277e-06,9.9331e-07,0.74966,449.18,16.067,7.2524e-05
2.6277e-06,9.9331e-07,0.74966,449.18,16.067,7.2524e-05
2.6277e-06,9.9331e-07,0.74966,449.18,16.067,7.2524e-05
2.6277e-06,9.9331e-07,0.74966,449.18,16.067,7.2524e-05
2.6277e-06,9.9331e-07,0.74966,449.18,16.067,7.2524e-05
2.6277e-06,9.9331e-07,0.74966,449.18,16.067,7.2524e-05
2.6277e-06,9.9331e-07,0.74966,449.18,16.067,7.2524e-05
2.6277e-06,9.9331e-07,0.74966,449.18,16.067,7.2524e-05
2.6277e-06,9.9331e-07,0.74966,449.18,16.067,7.2524e-05
2.6277e-06,9.9331e-07,0.74966,449.18,16.067,7.2524e-05
2.6277e-06,9.9331e-07,0.74966,449.18,16.067,7.2524e-05
2.6277e-06,9.9331e-07,0.74966,449.18,16.067,7.2524e-05
2.6277e-06,9.9331e-07,0.74966,449.18,16.067,7.2524e-05
2.6277e-06,9.9331e-07,0.74966,449.18,16.067,7.2524e-05
2.6277e-06,9.9331e-07,0.74966,449.18,16.067,7.2524e-05
2.6277e-06,9.9331e-07,0.74966,449.18,16.067,7.2524e-05
2.6277e-06,9.9331e-07,0.74966,449.18,16.067,7.2524e-05
2.6277e-06,9.9331e-07,0.74966,449.18,16.067,7.2524e-05
2.6277e-06,9.9331e-07,0.74966,449.18,16.067,7.2524e-05
2.6277e-06,9.9331e-07,0.74966,449.18,16.067,7.2524e-05
2.6277e-06,9.9331e-07,0.74966,449.18,16.067,7.2524e-05
2.6277e-06,9.9331e-07,0.74966,449.18,16.067,7.2524e-05
2.6277e-06,9.9331e-07,0.74966,449.18,16.067,7.2524e-05
2.6277e-06,9.9331e-07,0.74966,449.18,16.067,7.2524e-05
2.6277e-06,9.9331e-07,0.74966,449.18,16.067,7.2524e-05
2.6277e-06,9.9331e-07,0.74966,449.18,16.067,7.2524e-05
2.6277e-06,9.9331e-07,0.74966,449.18,16.067,7.2524e-05
2.6277e-06,9.9331e-07,0.74966,449.18,16.067,7.2524e-05
2.6277e-06,9.9331e-07,0.74966,449.18,16.067,7.2524e-05
2.6277e-06,9.9331e-07,0.74966,449.18,16.067,7.2524e-05
2.6277e-06,9.9331e-07,0.74966,449.18,16.067,7.2524e-05
2.6277e-06,9.9331e-07,0.74966,449.18,16.067,7.2524e-05
2.6277e-06,9.9331e-07,0.74966,449.18,16.067,7.2524e-05
2.6277e-06,9.9331e-07,0.74966,449.18,16.067,7.2524e-05
2.6277e-06,9.9331e-07,0.74966,449.18,16.067,7.2524e-05
2.6277e-06,9.9331e-07,0.74966,449.18,16.067,7.2524e-05
2.6277e-06,9.9331e-07,0.74966,449.18,16.067,7.2524e-05
2.6277e-06,9.9331e-07,0.74966,449.18,16.067,7.2524e-05
2.6277e-06,9.9331e-07,0.74966,449.18,16.067,7.2524e-05
2.6277e-06,9.9331e-07,0.74966,449.18,16.067,7.2524e-05
2.6277e-06,9.9331e-07,0.74966,449.18,16.067,7.2524e-05
2.6277e-06,9.9331e-07,0.74966,449.18,16.067,7.2524e-05
2.6277e-06,9.9331e-07,0.74966,449.18,16.067,7.2524e-05
2.6277e-06,9.9331e-07,0.74966,449.18,16.067,7.2524e-05
2.6277e-06,9.9331e-07,0.74966,449.18,16.067,7.2524e-05
2.6277e-06,9.9331e-07,0.74966,449.18,16.067,7.2524e-05
2.6277e-06,9.9331e-07,0.74966,449.18,16.067,7.2524e-05
2.6277e-06,9.9331e-07,0.74966,449.18,16.067,7.2524e-05
2.6277e-06,9.9331e-07,0.74966,449.18,16.067,7.2524e-05
2.6277e-06,9.9331e-07,0.74966,449.18,16.067,7.2524e-05
2.6277e-06,9.9331e-07,0.74966,449.18,16.067,7.2524e-05
2.6277e-06,9.9331e-07,0.74966,449.18,16.067,7.2524e-05
2.6277e-06,9.9331e-07,0.74966,449.18,16.067,7.2524e-05
2.6277e-06,9.9331e-07,0.74966,449.18,16.067,7.2524e-05
2.6277e-06,9.9331e-07,0.74966,449.18,16.067,7.2524e-05
2.6277e-06,9.9331e-07,0.74966,449.18,16.067,7.2524e-05
2.6277e-06,9.9331e-07,0.74966,449.18,16.067,7.2524e-05
2.6277e-06,9.9331e-07,0.74966,449.18,16.067,7.2524e-05
2.6277e-06,9.9331e-07,0.74966,449.18,16.067,7.2524e-05
2.6277e-06,9.9331e-07,0.74966,449.18,16.067,7.2524e-05
2.6277e-06,9.9331e-07,0.74966,449.18,16.067,7.2524e-05
2.6277e-06,9.9331e-07,0.74966,449.18,16.067,7.2524e-05
2.6277e-06,9.9331e-07,0.74966,449.18,16.067,7.2524e-05
2.6277e-06,9.9331e-07,0.74966,449.18,16.067,7.2524e-05
2.6277e-06,9.9331e-07,0.74966,449.18,16.067,7.2524e-05
2.6277e-06,9.9331e-07,0.74966,449.18,16.067,7.2524e-05
2.6277e-06,9.9331e-07,0.74966,449.18,16.067,7.2524e-05
2.6277e-06,9.9331e-07,0.74966,449.18,16.067,7.2524e-05
2.6277e-06,9.9331e-07,0.74966,449.18,16.067,7.2524e-05
2.6277e-06,9.9331e-07,0.74966,449.18,16.067,7.2524e-05
2.6277e-06,9.9331e-07,0.74966,449.18,16.067,7.2524e-05
2.6277e-06,9.9331e-07,0.74966,449.18,16.067,7.2524e-05
2.6277e-06,9.9331e-07,0.74966,449.18,16.067,7.2524e-05
2.6277e-06,9.9331e-07,0.74966,449.18,16.067,7.2524e-05
2.6277e-06,9.9331e-07,0.74966,449.18,16.067,7.2524e-05
2.6277e-06,9.9331e-07,0.74966,449.18,16.067,7.2524e-05
2.6243e-06,9.8844e-07,0.74912,449.18,16.067,7.0218e-05
2.6243e-06,9.8844e-07,0.74912,449.18,16.067,7.0218e-05
2.6231e-06,9.8719e-07,0.74898,449.18,16.067,6.9633e-05
2.6231e-06,9.8719e-07,0.74898,449.18,16.067,6.9633e-05
2.6231e-06,9.8719e-07,0.74898,449.18,16.067,6.9633e-05
2.6226e-06,9.866e-07,0.74892,449.18,16.067,6.938e-05
2.6226e-06,9.866e-07,0.74892,449.18,16.067,6.938e-05
2.6226e-06,9.866e-07,0.74892,449.18,16.067,6.938e-05
4.0647e-07,1.1665e-06,0.75746,451.94,-10.238,0.00036696
4.0554e-07,1.1622e-06,0.67739,522.97,-8.1515,0.00033095
4.0554e-07,1.1622e-06,0.67739,522.97,-8.1515,0.00033095
4.0554e-07,1.1622e-06,0.67739,522.97,-8.1515,0.00033095
4.0566e-07,1.1619e-06,0.67739,522.97,-8.1515,0.00032378
4.0567e-07,1.1619e-06,0.67739,522.97,-8.1515,0.00032356
4.0579e-07,1.1615e-06,0.67738,522.97,-8.1515,0.00031669
4.0579e-07,1.1615e-06,0.67738,522.97,-8.1515,0.00031669
4.0579e-07,1.1615e-06,0.67738,522.97,-8.1515,0.00031669
4.0579e-07,1.1615e-06,0.67738,522.97,-8.1515,0.00031669
4.0579e-07,1.1615e-06,0.67738,522.97,-8.1515,0.00031669
4.0579e-07,1.1615e-06,0.67738,522.97,-8.1515,0.00031669
4.0579e-07,1.1615e-06,0.67738,522.97,-8.1515,0.00031669
4.0579e-07,1.1615e-06,0.67738,522.97,-8.1515,0.00031669
4.0579e-07,1.1615e-06,0.67738,522.97,-8.1515,0.00031669
4.0579e-07,1.1615e-06,0.67738,522.97,-8.1515,0.00031669
4.0627e-07,1.1601e-06,0.67734,522.97,-8.1515,0.00029192
4.0627e-07,1.1601e-06,0.67734,522.97,-8.1515,0.00029192
4.0627e-07,1.1601e-06,0.67734,522.97,-8.1515,0.00029192
4.0627e-07,1.1601e-06,0.67734,522.97,-8.1515,0.00029192
4.0627e-07,1.1601e-06,0.67734,522.97,-8.1515,0.00029192
4.0627e-07,1.1601e-06,0.67734,522.97,-8.1515,0.00029192
4.0627e-07,1.1601e-06,0.67734,522.97,-8.1515,0.00029192
4.0627e-07,1.1601e-06,0.67734,522.97,-8.1515,0.00029192
4.0627e-07,1.1601e-06,0.67734,522.97,-8.1515,0.00029192
4.0627e-07,1.1601e-06,0.67734,522.97,-8.1515,0.00029192
4.0627e-07,1.1601e-06,0.67734,522.97,-8.1515,0.00029192
4.0627e-07,1.1601e-06,0.67734,522.97,-8.1515,0.00029192
4.0627e-07,1.1601e-06,0.67734,522.97,-8.1515,0.00029192
4.0627e-07,1.1601e-06,0.67734,522.97,-8.1515,0.00029192
4.0627e-07,1.1601e-06,0.67734,522.97,-8.1515,0.00029192
4.0627e-07,1.1601e-06,0.67734,522.97,-8.1515,0.00029192
4.0627e-07,1.1601e-06,0.67734,522.97,-8.1515,0.00029192
1.1703e-06,1.1174e-06,0.60206,591.27,-14.025,0.0003142
1.1703e-06,1.1174e-06,0.60206,591.27,-14.025,0.0003142
1.1711e-06,1.1167e-06,0.60205,591.27,-14.025,0.00030311
1.1711e-06,1.1167e-06,0.60205,591.27,-14.025,0.00030311
1.1726e-06,1.1152e-06,0.60203,591.27,-14.025,0.00028309
1.1726e-06,1.1152e-06,0.60203,591.27,-14.025,0.00028309
1.1734e-06,1.1145e-06,0.60202,591.27,-14.025,0.00027405
1.1734e-06,1.1145e-06,0.60202,591.27,-14.025,0.00027405
1.1734e-06,1.1145e-06,0.60202,591.27,-14.025,0.00027405
1.1749e-06,1.113e-06,0.602,591.27,-14.025,0.00025756
1.1764e-06,1.1116e-06,0.60197,591.27,-14.025,0.00024293
1.1764e-06,1.1116e-06,0.60197,591.27,-14.025,0.00024293
1.1764e-06,1.1116e-06,0.60197,591.27,-14.025,0.00024293
5.6521e-08,1.0195e-06,0.56484,611.32,36.01,1.9868e-05
5.6521e-08,1.0195e-06,0.56484,611.32,36.01,1.9868e-05
5.6521e-08,1.0195e-06,0.56484,611.32,36.01,1.9868e-05
1.4246e-06,9.9367e-07,0.66554,571.08,-12.74,0.00023264
2.8711e-06,8.5526e-07,0.67862,572.92,-5.0431,9.1654e-05
2.8618e-06,8.4515e-07,0.67705,572.92,-5.0431,8.1406e-05
2.8618e-06,8.4515e-07,0.67705,572.92,-5.0431,8.1406e-05
2.8618e-06,8.4515e-07,0.67705,572.92,-5.0431,8.1406e-05
2.8613e-06,8.4461e-07,0.677,572.92,-5.0431,8.0975e-05
2.8604e-06,8.4353e-07,0.6769,572.92,-5.0431,8.0128e-05
2.8604e-06,8.4353e-07,0.6769,572.92,-5.0431,8.0128e-05
2.8586e-06,8.4133e-07,0.67666,572.92,-5.0431,7.8416e-05
2.8586e-06,8.4133e-07,0.67666,572.92,-5.0431,7.8416e-05
2.8586e-06,8.4133e-07,0.67666,572.92,-5.0431,7.8416e-05
2.8586e-06,8.4133e-07,0.67666,572.92,-5.0431,7.8416e-05
2.8586e-06,8.4133e-07,0.67666,572.92,-5.0431,7.8416e-05
2.8586e-06,8.4133e-07,0.67666,572.92,-5.0431,7.8416e-05
2.8586e-06,8.4133e-07,0.67666,572.92,-5.0431,7.8416e-05
2.8586e-06,8.4133e-07,0.67666,572.92,-5.0431,7.8416e-05
2.8586e-06,8.4133e-07,0.67666,572.92,-5.0431,7.8416e-05
3.7794e-06,6.798e-07,0.71567,573.7,-1.1594,7.3596e-05
3.7618e-06,6.7315e-07,0.71392,573.7,-1.1593,6.8733e-05
3.7618e-06,6.7315e-07,0.71392,573.7,-1.1593,6.8733e-05
4.1682e-06,6.6533e-07,0.70239,573.7,-1.157,6.1473e-05
4.1682e-06,6.6533e-07,0.70239,573.7,-1.157,6.1473e-05
2.9296e-06,6.1323e-07,0.74451,573.7,-1.1066,6.6033e-05
2.9249e-06,6.1009e-07,0.74388,573.7,-1.1065,6.3898e-05
2.9249e-06,6.1009e-07,0.74388,573.7,-1.1065,6.3898e-05
2.9249e-06,6.1009e-07,0.74388,573.7,-1.1065,6.3898e-05
2.9249e-06,6.1009e-07,0.74388,573.7,-1.1065,6.3898e-05
2.9227e-06,6.086e-07,0.74362,573.7,-1.1065,6.2987e-05
2.9227e-06,6.086e-07,0.74362,573.7,-1.1065,6.2987e-05
2.9227e-06,6.086e-07,0.74362,573.7,-1.1065,6.2987e-05
2.9227e-06,6.086e-07,0.74362,573.7,-1.1065,6.2987e-05
2.9227e-06,6.086e-07,0.74362,573.7,-1.1065,6.2987e-05
2.9227e-06,6.086e-07,0.74362,573.7,-1.1065,6.2987e-05
2.9227e-06,6.086e-07,0.74362,573.7,-1.1065,6.2987e-05
2.9181e-06,6.0553e-07,0.74303,573.7,-1.1064,6.1097e-05
2.9181e-06,6.0553e-07,0.74303,573.7,-1.1064,6.1097e-05
2.9181e-06,6.0553e-07,0.74303,573.7,-1.1064,6.1097e-05
2.9181e-06,6.0553e-07,0.74303,573.7,-1.1064,6.1097e-05
2.9181e-06,6.0553e-07,0.74303,573.7,-1.1064,6.1097e-05
2.9181e-06,6.0553e-07,0.74303,573.7,-1.1064,6.1097e-05
2.9178e-06,6.0536e-07,0.743,573.7,-1.1064,6.0997e-05
2.9178e-06,6.0536e-07,0.743,573.7,-1.1064,6.0997e-05
2.9132e-06,6.0231e-07,0.7424,573.7,-1.1063,5.9228e-05
2.9132e-06,6.0231e-07,0.7424,573.7,-1.1063,5.9228e-05
2.9132e-06,6.0231e-07,0.7424,573.7,-1.1063,5.9228e-05
2.9132e-06,6.0231e-07,0.7424,573.7,-1.1063,5.9228e-05
2.9132e-06,6.0231e-07,0.7424,573.7,-1.1063,5.9228e-05
2.9132e-06,6.0231e-07,0.7424,573.7,-1.1063,5.9228e-05
2.9132e-06,6.0231e-07,0.7424,573.7,-1.1063,5.9228e-05
2.9132e-06,6.0231e-07,0.7424,573.7,-1.1063,5.9228e-05
2.9132e-06,6.0231e-07,0.7424,573.7,-1.1063,5.9228e-05
2.9132e-06,6.0231e-07,0.7424,573.7,-1.1063,5.9228e-05
2.9132e-06,6.0231e-07,0.7424,573.7,-1.1063,5.9228e-05
2.9132e-06,6.0231e-07,0.7424,573.7,-1.1063,5.9228e-05
2.9132e-06,6.0231e-07,0.7424,573.7,-1.1063,5.9228e-05
2.9132e-06,6.0231e-07,0.7424,573.7,-1.1063,5.9228e-05
2.9132e-06,6.0231e-07,0.7424,573.7,-1.1063,5.9228e-05
2.9132e-06,6.0231e-07,0.7424,573.7,-1.1063,5.9228e-05
2.9132e-06,6.0231e-07,0.7424,573.7,-1.1063,5.9228e-05
2.9132e-06,6.0231e-07,0.7424,573.7,-1.1063,5.9228e-05
2.9132e-06,6.0231e-07,0.7424,573.7,-1.1063,5.9228e-05
2.9132e-06,6.0231e-07,0.7424,573.7,-1.1063,5.9228e-05
2.9132e-06,6.0231e-07,0.7424,573.7,-1.1063,5.9228e-05
2.9132e-06,6.0231e-07,0.7424,573.7,-1.1063,5.9228e-05
2.9132e-06,6.0231e-07,0.7424,573.7,-1.1063,5.9228e-05
2.9132e-06,6.0231e-07,0.7424,573.7,-1.1063,5.9228e-05
2.9132e-06,6.0231e-07,0.7424,573.7,-1.1063,5.9228e-05
2.9132e-06,6.0231e-07,0.7424,573.7,-1.1063,5.9228e-05
2.9132e-06,6.0231e-07,0.7424,573.7,-1.1063,5.9228e-05
2.9132e-06,6.0231e-07,0.7424,573.7,-1.1063,5.9228e-05
2.9132e-06,6.0231e-07,0.7424,573.7,-1.1063,5.9228e-05
2.9132e-06,6.0231e-07,0.7424,573.7,-1.1063,5.9228e-05
2.9132e-06,6.0231e-07,0.7424,573.7,-1.1063,5.9228e-05
2.9132e-06,6.0231e-07,0.7424,573.7,-1.1063,5.9228e-05
2.9132e-06,6.0231e-07,0.7424,573.7,-1.1063,5.9228e-05
2.9132e-06,6.0231e-07,0.7424,573.7,-1.1063,5.9228e-05
2.9132e-06,6.0231e-07,0.7424,573.7,-1.1063,5.9228e-05
2.9132e-06,6.0231e-07,0.7424,573.7,-1.1063,5.9228e-05
2.9132e-06,6.0231e-07,0.7424,573.7,-1.1063,5.9228e-05
2.9132e-06,6.0231e-07,0.7424,573.7,-1.1063,5.9228e-05
2.9132e-06,6.0231e-07,0.7424,573.7,-1.1063,5.9228e-05
2.9132e-06,6.0231e-07,0.7424,573.7,-1.1063,5.9228e-05
2.9132e-06,6.0231e-07,0.7424,573.7,-1.1063,5.9228e-05
2.9132e-06,6.0231e-07,0.7424,573.7,-1.1063,5.9228e-05
2.9132e-06,6.0231e-07,0.7424,573.7,-1.1063,5.9228e-05
2.9132e-06,6.0231e-07,0.7424,573.7,-1.1063,5.9228e-05
2.9132e-06,6.0231e-07,0.7424,573.7,-1.1063,5.9228e-05
2.9132e-06,6.0231e-07,0.7424,573.7,-1.1063,5.9228e-05
2.9132e-06,6.0231e-07,0.7424,573.7,-1.1063,5.9228e-05
2.9132e-06,6.0231e-07,0.7424,573.7,-1.1063,5.9228e-05
2.9132e-06,6.0231e-07,0.7424,573.7,-1.1063,5.9228e-05
2.9132e-06,6.0231e-07,0.7424,573.7,-1.1063,5.9228e-05
2.9132e-06,6.0231e-07,0.7424,573.7,-1.1063,5.9228e-05
2.9132e-06,6.0231e-07,0.7424,573.7,-1.1063,5.9228e-05
2.9132e-06,6.0231e-07,0.7424,573.7,-1.1063,5.9228e-05
2.9132e-06,6.0231e-07,0.7424,573.7,-1.1063,5.9228e-05
2.9132e-06,6.0231e-07,0.7424,573.7,-1.1063,5.9228e-05
2.9132e-06,6.0231e-07,0.7424,573.7,-1.1063,5.9228e-05
2.9132e-06,6.0231e-07,0.7424,573.7,-1.1063,5.9228e-05
2.9132e-06,6.0231e-07,0.7424,573.7,-1.1063,5.9228e-05
2.9132e-06,6.0231e-07,0.7424,573.7,-1.1063,5.9228e-05
2.9132e-06,6.0231e-07,0.7424,573.7,-1.1063,5.9228e-05
2.9132e-06,6.0231e-07,0.7424,573.7,-1.1063,5.9228e-05
2.9132e-06,6.0231e-07,0.7424,573.7,-1.1063,5.9228e-05
2.9132e-06,6.0231e-07,0.7424,573.7,-1.1063,5.9228e-05
2.9132e-06,6.0231e-07,0.7424,573.7,-1.1063,5.9228e-05
2.9132e-06,6.0231e-07,0.7424,573.7,-1.1063,5.9228e-05
2.9132e-06,6.0231e-07,0.7424,573.7,-1.1063,5.9228e-05
2.9132e-06,6.0231e-07,0.7424,573.7,-1.1063,5.9228e-05
2.9132e-06,6.0231e-07,0.7424,573.7,-1.1063,5.9228e-05
2.9132e-06,6.0231e-07,0.7424,573.7,-1.1063,5.9228e-05
2.9132e-06,6.0231e-07,0.7424,573.7,-1.1063,5.9228e-05
2.9132e-06,6.0231e-07,0.7424,573.7,-1.1063,5.9228e-05
2.9132e-06,6.0231e-07,0.7424,573.7,-1.1063,5.9228e-05
2.9132e-06,6.0231e-07,0.7424,573.7,-1.1063,5.9228e-05
2.9132e-06,6.0231e-07,0.7424,573.7,-1.1063,5.9228e-05
2.9132e-06,6.0231e-07,0.7424,573.7,-1.1063,5.9228e-05
2.9132e-06,6.0231e-07,0.7424,573.7,-1.1063,5.9228e-05
2.9132e-06,6.0231e-07,0.7424,573.7,-1.1063,5.9228e-05
2.9132e-06,6.0231e-07,0.7424,573.7,-1.1063,5.9228e-05
2.9132e-06,6.0231e-07,0.7424,573.7,-1.1063,5.9228e-05
2.9132e-06,6.0231e-07,0.7424,573.7,-1.1063,5.9228e-05
2.9132e-06,6.0231e-07,0.7424,573.7,-1.1063,5.9228e-05
2.9132e-06,6.0231e-07,0.7424,573.7,-1.1063,5.9228e-05
2.9132e-06,6.0231e-07,0.7424,573.7,-1.1063,5.9228e-05
2.9132e-06,6.0231e-07,0.7424,573.7,-1.1063,5.9228e-05
2.9132e-06,6.0231e-07,0.7424,573.7,-1.1063,5.9228e-05
2.9132e-06,6.0231e-07,0.7424,573.7,-1.1063,5.9228e-05
2.9132e-06,6.0231e-07,0.7424,573.7,-1.1063,5.9228e-05
2.9132e-06,6.0231e-07,0.7424,573.7,-1.1063,5.9228e-05
2.9132e-06,6.0231e-07,0.7424,573.7,-1.1063,5.9228e-05
2.9132e-06,6.0231e-07,0.7424,573.7,-1.1063,5.9228e-05
2.9132e-06,6.0231e-07,0.7424,573.7,-1.1063,5.9228e-05
2.9132e-06,6.0231e-07,0.7424,573.7,-1.1063,5.9228e-05
2.9132e-06,6.0231e-07,0.7424,573.7,-1.1063,5.9228e-05
2.9132e-06,6.0231e-07,0.7424,573.7,-1.1063,5.9228e-05
2.9132e-06,6.0231e-07,0.7424,573.7,-1.1063,5.9228e-05
2.9132e-06,6.0231e-07,0.7424,573.7,-1.1063,5.9228e-05
2.9132e-06,6.0231e-07,0.7424,573.7,-1.1063,5.9228e-05
2.9132e-06,6.0231e-07,0.7424,573.7,-1.1063,5.9228e-05
2.9132e-06,6.0231e-07,0.7424,573.7,-1.1063,5.9228e-05
2.9132e-06,6.0231e-07,0.7424,573.7,-1.1063,5.9228e-05
2.9132e-06,6.0231e-07,0.7424,573.7,-1.1063,5.9228e-05
2.9132e-06,6.0231e-07,0.7424,573.7,-1.1063,5.9228e-05
2.9132e-06,6.0231e-07,0.7424,573.7,-1.1063,5.9228e-05
2.9132e-06,6.0231e-07,0.7424,573.7,-1.1063,5.9228e-05
2.9132e-06,6.0231e-07,0.7424,573.7,-1.1063,5.9228e-05
2.9132e-06,6.0231e-07,0.7424,573.7,-1.1063,5.9228e-05
2.9132e-06,6.0231e-07,0.7424,573.7,-1.1063,5.9228e-05
2.9125e-06,6.0161e-07,0.74229,573.7,-1.1063,5.8867e-05
2.9125e-06,6.0161e-07,0.74229,573.7,-1.1063,5.8867e-05
2.9118e-06,6.0091e-07,0.74218,573.7,-1.1063,5.8501e-05
2.9118e-06,6.0091e-07,0.74218,573.7,-1.1063,5.8501e-05
2.9101e-06,5.9946e-07,0.74191,573.7,-1.1063,5.7735e-05
2.9101e-06,5.9946e-07,0.74191,573.7,-1.1063,5.7735e-05
2.9101e-06,5.9946e-07,0.74191,573.7,-1.1063,5.7735e-05
2.9079e-06,5.9793e-07,0.74158,573.7,-1.1062,5.6898e-05
2.9078e-06,5.9784e-07,0.74157,573.7,-1.1062,5.6853e-05
2.9055e-06,5.9628e-07,0.74122,573.7,-1.1062,5.6006e-05
2.9055e-06,5.9628e-07,0.74122,573.7,-1.1062,5.6006e-05
2.9055e-06,5.9628e-07,0.74122,573.7,-1.1062,5.6006e-05
2.9044e-06,5.9554e-07,0.74107,573.7,-1.1062,5.563e-05
2.9044e-06,5.9554e-07,0.74107,573.7,-1.1062,5.563e-05
2.9044e-06,5.9554e-07,0.74107,573.7,-1.1062,5.563e-05
2.9022e-06,5.9403e-07,0.74074,573.7,-1.1061,5.4851e-05
2.9022e-06,5.9403e-07,0.74074,573.7,-1.1061,5.4851e-05
2.8961e-06,5.9054e-07,0.73976,573.7,-1.106,5.293e-05
2.8961e-06,5.9054e-07,0.73976,573.7,-1.106,5.293e-05
2.8961e-06,5.9054e-07,0.73976,573.7,-1.106,5.293e-05
2.8961e-06,5.9054e-07,0.73976,573.7,-1.106,5.293e-05
2.8961e-06,5.9054e-07,0.73976,573.7,-1.106,5.293e-05
2.8961e-06,5.9054e-07,0.73976,573.7,-1.106,5.293e-05
2.8961e-06,5.9054e-07,0.73976,573.7,-1.106,5.293e-05
2.8961e-06,5.9054e-07,0.73976,573.7,-1.106,5.293e-05
2.8961e-06,5.9054e-07,0.73976,573.7,-1.106,5.293e-05
2.8955e-06,5.9017e-07,0.73968,573.7,-1.106,5.2748e-05
2.8955e-06,5.9017e-07,0.73968,573.7,-1.106,5.2748e-05
2.8942e-06,5.8939e-07,0.7395,573.7,-1.106,5.2372e-05
2.8938e-06,5.892e-07,0.73945,573.7,-1.1059,5.228e-05
2.8938e-06,5.892e-07,0.73945,573.7,-1.1059,5.228e-05
2.8938e-06,5.892e-07,0.73945,573.7,-1.1059,5.228e-05
2.8938e-06,5.892e-07,0.73945,573.7,-1.1059,5.228e-05
2.8938e-06,5.892e-07,0.73945,573.7,-1.1059,5.228e-05
2.8938e-06,5.892e-07,0.73945,573.7,-1.1059,5.228e-05
2.8938e-06,5.892e-07,0.73945,573.7,-1.1059,5.228e-05
2.8876e-06,5.8575e-07,0.73846,573.7,-1.1058,5.0524e-05
2.8876e-06,5.8575e-07,0.73846,573.7,-1.1058,5.0524e-05
2.8876e-06,5.8575e-07,0.73846,573.7,-1.1058,5.0524e-05
2.8876e-06,5.8575e-07,0.73846,573.7,-1.1058,5.0524e-05
2.8876e-06,5.8575e-07,0.73846,573.7,-1.1058,5.0524e-05
2.8876e-06,5.8575e-07,0.73846,573.7,-1.1058,5.0524e-05
2.8876e-06,5.8575e-07,0.73846,573.7,-1.1058,5.0524e-05
2.8876e-06,5.8575e-07,0.73846,573.7,-1.1058,5.0524e-05
2.8876e-06,5.8575e-07,0.73846,573.7,-1.1058,5.0524e-05
2.8876e-06,5.8575e-07,0.73846,573.7,-1.1058,5.0524e-05
2.8876e-06,5.8575e-07,0.73846,573.7,-1.1058,5.0524e-05
2.8876e-06,5.8575e-07,0.73846,573.7,-1.1058,5.0524e-05
2.8876e-06,5.8575e-07,0.73846,573.7,-1.1058,5.0524e-05
2.8876e-06,5.8575e-07,0.73846,573.7,-1.1058,5.0524e-05
2.8876e-06,5.8575e-07,0.73846,573.7,-1.1058,5.0524e-05
2.8876e-06,5.8575e-07,0.73846,573.7,-1.1058,5.0524e-05
2.8876e-06,5.8575e-07,0.73846,573.7,-1.1058,5.0524e-05
2.8876e-06,5.8575e-07,0.73846,573.7,-1.1058,5.0524e-05
2.8876e-06,5.8575e-07,0.73846,573.7,-1.1058,5.0524e-05
2.8876e-06,5.8575e-07,0.73846,573.7,-1.1058,5.0524e-05
2.8876e-06,5.8575e-07,0.73846,573.7,-1.1058,5.0524e-05
2.8876e-06,5.8575e-07,0.73846,573.7,-1.1058,5.0524e-05
2.8876e-06,5.8575e-07,0.73846,573.7,-1.1058,5.0524e-05
2.8876e-06,5.8575e-07,0.73846,573.7,-1.1058,5.0524e-05
2.8876e-06,5.8575e-07,0.73846,573.7,-1.1058,5.0524e-05
2.8876e-06,5.8575e-07,0.73846,573.7,-1.1058,5.0524e-05
2.8876e-06,5.8575e-07,0.73846,573.7,-1.1058,5.0524e-05
2.8876e-06,5.8575e-07,0.73846,573.7,-1.1058,5.0524e-05
2.8851e-06,5.8419e-07,0.73807,573.7,-1.1058,4.9805e-05
2.8851e-06,5.8419e-07,0.73807,573.7,-1.1058,4.9805e-05
2.8851e-06,5.8419e-07,0.73807,573.7,-1.1058,4.9805e-05
2.8851e-06,5.8419e-07,0.73807,573.7,-1.1058,4.9805e-05
2.8851e-06,5.8419e-07,0.73807,573.7,-1.1058,4.9805e-05
2.8825e-06,5.826e-07,0.73765,573.7,-1.1057,4.908e-05
2.8825e-06,5.826e-07,0.73765,573.7,-1.1057,4.908e-05
2.8825e-06,5.826e-07,0.73765,573.7,-1.1057,4.908e-05
2.8825e-06,5.826e-07,0.73765,573.7,-1.1057,4.908e-05
2.8825e-06,5.826e-07,0.73765,573.7,-1.1057,4.908e-05
2.8825e-06,5.826e-07,0.73765,573.7,-1.1057,4.908e-05
2.8825e-06,5.826e-07,0.73765,573.7,-1.1057,4.908e-05
2.8825e-06,5.826e-07,0.73765,573.7,-1.1057,4.908e-05
2.8825e-06,5.826e-07,0.73765,573.7,-1.1057,4.908e-05
2.8825e-06,5.826e-07,0.73765,573.7,-1.1057,4.908e-05
2.8825e-06,5.826e-07,0.73765,573.7,-1.1057,4.908e-05
2.8825e-06,5.826e-07,0.73765,573.7,-1.1057,4.908e-05
2.8825e-06,5.826e-07,0.73765,573.7,-1.1057,4.908e-05
2.8825e-06,5.826e-07,0.73765,573.7,-1.1057,4.908e-05
2.8825e-06,5.826e-07,0.73765,573.7,-1.1057,4.908e-05
2.8825e-06,5.826e-07,0.73765,573.7,-1.1057,4.908e-05
2.8825e-06,5.826e-07,0.73765,573.7,-1.1057,4.908e-05
2.8825e-06,5.826e-07,0.73765,573.7,-1.1057,4.908e-05
2.8825e-06,5.826e-07,0.73765,573.7,-1.1057,4.908e-05
2.8825e-06,5.826e-07,0.73765,573.7,-1.1057,4.908e-05
2.6261e-06,8.8849e-07,0.63225,575.87,7.597,4.8079e-05
2.6261e-06,8.8849e-07,0.63225,575.87,7.597,4.8079e-05
2.6261e-06,8.8849e-07,0.63225,575.87,7.597,4.8079e-05
2.6261e-06,8.8849e-07,0.63225,575.87,7.597,4.8079e-05
2.6261e-06,8.8849e-07,0.63225,575.87,7.597,4.8079e-05
2.6261e-06,8.8849e-07,0.63225,575.87,7.597,4.8079e-05
2.6261e-06,8.8849e-07,0.63225,575.87,7.597,4.8079e-05
2.6261e-06,8.8849e-07,0.63225,575.87,7.597,4.8079e-05
2.6261e-06,8.8849e-07,0.63225,575.87,7.597,4.8079e-05
2.6261e-06,8.8849e-07,0.63225,575.87,7.597,4.8079e-05
2.6261e-06,8.8849e-07,0.63225,575.87,7.597,4.8079e-05
2.6261e-06,8.8849e-07,0.63225,575.87,7.597,4.8079e-05
2.6261e-06,8.8849e-07,0.63225,575.87,7.597,4.8079e-05
2.6261e-06,8.8849e-07,0.63225,575.87,7.597,4.8079e-05
2.6261e-06,8.8849e-07,0.63225,575.87,7.597,4.8079e-05
2.6261e-06,8.8849e-07,0.63225,575.87,7.597,4.8079e-05
2.6261e-06,8.8849e-07,0.63225,575.87,7.597,4.8079e-05
2.6261e-06,8.8849e-07,0.63225,575.87,7.597,4.8079e-05
2.6261e-06,8.8849e-07,0.63225,575.87,7.597,4.8079e-05
2.6261e-06,8.8849e-07,0.63225,575.87,7.597,4.8079e-05
2.6261e-06,8.8849e-07,0.63225,575.87,7.597,4.8079e-05
2.6261e-06,8.8849e-07,0.63225,575.87,7.597,4.8079e-05
2.6261e-06,8.8849e-07,0.63225,575.87,7.597,4.8079e-05
2.6261e-06,8.8849e-07,0.63225,575.87,7.597,4.8079e-05
2.6261e-06,8.8849e-07,0.63225,575.87,7.597,4.8079e-05
2.6261e-06,8.8846e-07,0.63224,575.87,7.597,4.8068e-05
2.626e-06,8.8817e-07,0.63222,575.87,7.597,4.7981e-05
2.6258e-06,8.8758e-07,0.63215,575.87,7.597,4.7804e-05
2.6248e-06,8.8518e-07,0.63188,575.87,7.597,4.7073e-05
2.6248e-06,8.8518e-07,0.63188,575.87,7.597,4.7073e-05
2.6248e-06,8.8518e-07,0.63188,575.87,7.597,4.7073e-05
2.6248e-06,8.8518e-07,0.63188,575.87,7.597,4.7073e-05
2.6248e-06,8.8518e-07,0.63188,575.87,7.597,4.7073e-05
2.6248e-06,8.8518e-07,0.63188,575.87,7.597,4.7073e-05
2.6248e-06,8.8518e-07,0.63188,575.87,7.597,4.7073e-05
2.6248e-06,8.8518e-07,0.63188,575.87,7.597,4.7073e-05
2.6248e-06,8.8518e-07,0.63188,575.87,7.597,4.7073e-05
2.6248e-06,8.8518e-07,0.63188,575.87,7.597,4.7073e-05
2.6248e-06,8.8518e-07,0.63188,575.87,7.597,4.7073e-05
2.6248e-06,8.8518e-07,0.63188,575.87,7.597,4.7073e-05
2.6248e-06,8.8518e-07,0.63188,575.87,7.597,4.7073e-05
2.6248e-06,8.8518e-07,0.63188,575.87,7.597,4.7073e-05
2.6248e-06,8.8518e-07,0.63188,575.87,7.597,4.7073e-05
2.6248e-06,8.8518e-07,0.63188,575.87,7.597,4.7073e-05
2.6248e-06,8.8518e-07,0.63188,575.87,7.597,4.7073e-05
2.6248e-06,8.8518e-07,0.63188,575.87,7.597,4.7073e-05
2.6248e-06,8.8518e-07,0.63188,575.87,7.597,4.7073e-05
2.6248e-06,8.8518e-07,0.63188,575.87,7.597,4.7073e-05
2.6248e-06,8.8518e-07,0.63188,575.87,7.597,4.7073e-05
2.6248e-06,8.8518e-07,0.63188,575.87,7.597,4.7073e-05
2.6248e-06,8.8518e-07,0.63188,575.87,7.597,4.7073e-05
2.6248e-06,8.8518e-07,0.63188,575.87,7.597,4.7073e-05
2.6248e-06,8.8518e-07,0.63188,575.87,7.597,4.7073e-05
2.6248e-06,8.8518e-07,0.63188,575.87,7.597,4.7073e-05
2.6229e-06,8.825e-07,0.63146,575.87,7.5971,4.6198e-05
2.6229e-06,8.825e-07,0.63146,575.87,7.5971,4.6198e-05
2.6229e-06,8.825e-07,0.63146,575.87,7.5971,4.6198e-05
2.6229e-06,8.825e-07,0.63146,575.87,7.5971,4.6198e-05
2.6229e-06,8.825e-07,0.63146,575.87,7.5971,4.6198e-05
2.6229e-06,8.825e-07,0.63146,575.87,7.5971,4.6198e-05
2.6229e-06,8.825e-07,0.63146,575.87,7.5971,4.6198e-05
2.6229e-06,8.825e-07,0.63146,575.87,7.5971,4.6198e-05
2.6229e-06,8.825e-07,0.63146,575.87,7.5971,4.6198e-05
2.6229e-06,8.825e-07,0.63146,575.87,7.5971,4.6198e-05
2.6229e-06,8.825e-07,0.63146,575.87,7.5971,4.6198e-05
2.6229e-06,8.825e-07,0.63146,575.87,7.5971,4.6198e-05
2.6229e-06,8.825e-07,0.63146,575.87,7.5971,4.6198e-05
2.6229e-06,8.825e-07,0.63146,575.87,7.5971,4.6198e-05
2.6229e-06,8.825e-07,0.63146,575.87,7.5971,4.6198e-05
2.6229e-06,8.825e-07,0.63146,575.87,7.5971,4.6198e-05
2.6229e-06,8.825e-07,0.63146,575.87,7.5971,4.6198e-05
2.6229e-06,8.825e-07,0.63146,575.87,7.5971,4.6198e-05
2.6229e-06,8.825e-07,0.63146,575.87,7.5971,4.6198e-05
2.6229e-06,8.825e-07,0.63146,575.87,7.5971,4.6198e-05
2.6229e-06,8.825e-07,0.63146,575.87,7.5971,4.6198e-05
2.6229e-06,8.825e-07,0.63146,575.87,7.5971,4.6198e-05
2.6229e-06,8.825e-07,0.63146,575.87,7.5971,4.6198e-05
2.6229e-06,8.825e-07,0.63146,575.87,7.5971,4.6198e-05
2.6229e-06,8.825e-07,0.63146,575.87,7.5971,4.6198e-05
2.6229e-06,8.825e-07,0.63146,575.87,7.5971,4.6198e-05
2.6229e-06,8.825e-07,0.63146,575.87,7.5971,4.6198e-05
2.6229e-06,8.825e-07,0.63146,575.87,7.5971,4.6198e-05
2.6229e-06,8.825e-07,0.63146,575.87,7.5971,4.6198e-05
2.6229e-06,8.825e-07,0.63146,575.87,7.5971,4.6198e-05
2.6229e-06,8.825e-07,0.63146,575.87,7.5971,4.6198e-05
2.6229e-06,8.825e-07,0.63146,575.87,7.5971,4.6198e-05
2.6229e-06,8.825e-07,0.63146,575.87,7.5971,4.6198e-05
2.6229e-06,8.825e-07,0.63146,575.87,7.5971,4.6198e-05
2.6229e-06,8.825e-07,0.63146,575.87,7.5971,4.6198e-05
2.6229e-06,8.825e-07,0.63146,575.87,7.5971,4.6198e-05
2.6229e-06,8.825e-07,0.63146,575.87,7.5971,4.6198e-05
2.6229e-06,8.825e-07,0.63146,575.87,7.5971,4.6198e-05
2.6229e-06,8.825e-07,0.63146,575.87,7.5971,4.6198e-05
2.6229e-06,8.825e-07,0.63146,575.87,7.5971,4.6198e-05
2.6229e-06,8.825e-07,0.63146,575.87,7.5971,4.6198e-05
2.6229e-06,8.825e-07,0.63146,575.87,7.5971,4.6198e-05
2.6229e-06,8.825e-07,0.63146,575.87,7.5971,4.6198e-05
2.6229e-06,8.825e-07,0.63146,575.87,7.5971,4.6198e-05
2.6229e-06,8.825e-07,0.63146,575.87,7.5971,4.6198e-05
2.6229e-06,8.825e-07,0.63146,575.87,7.5971,4.6198e-05
2.6229e-06,8.825e-07,0.63146,575.87,7.5971,4.6198e-05
2.6229e-06,8.825e-07,0.63146,575.87,7.5971,4.6198e-05
2.6229e-06,8.825e-07,0.63146,575.87,7.5971,4.6198e-05
2.6229e-06,8.825e-07,0.63146,575.87,7.5971,4.6198e-05
2.6229e-06,8.825e-07,0.63146,575.87,7.5971,4.6198e-05
2.6229e-06,8.825e-07,0.63146,575.87,7.5971,4.6198e-05
2.6229e-06,8.825e-07,0.63146,575.87,7.5971,4.6198e-05
2.6229e-06,8.825e-07,0.63146,575.87,7.5971,4.6198e-05
2.6229e-06,8.825e-07,0.63146,575.87,7.5971,4.6198e-05
2.6229e-06,8.825e-07,0.63146,575.87,7.5971,4.6198e-05
2.6229e-06,8.825e-07,0.63146,575.87,7.5971,4.6198e-05
2.6229e-06,8.825e-07,0.63146,575.87,7.5971,4.6198e-05
2.6229e-06,8.825e-07,0.63146,575.87,7.5971,4.6198e-05
2.6229e-06,8.825e-07,0.63146,575.87,7.5971,4.6198e-05
2.6229e-06,8.825e-07,0.63146,575.87,7.5971,4.6198e-05
2.6229e-06,8.825e-07,0.63146,575.87,7.5971,4.6198e-05
2.6229e-06,8.825e-07,0.63146,575.87,7.5971,4.6198e-05
2.6229e-06,8.825e-07,0.63146,575.87,7.5971,4.6198e-05
2.6229e-06,8.825e-07,0.63146,575.87,7.5971,4.6198e-05
2.6229e-06,8.825e-07,0.63146,575.87,7.5971,4.6198e-05
2.6229e-06,8.825e-07,0.63146,575.87,7.5971,4.6198e-05
2.6229e-06,8.825e-07,0.63146,575.87,7.5971,4.6198e-05
2.6229e-06,8.825e-07,0.63146,575.87,7.5971,4.6198e-05
2.6229e-06,8.825e-07,0.63146,575.87,7.5971,4.6198e-05
2.6229e-06,8.825e-07,0.63146,575.87,7.5971,4.6198e-05
2.6229e-06,8.825e-07,0.63146,575.87,7.5971,4.6198e-05
2.6229e-06,8.825e-07,0.63146,575.87,7.5971,4.6198e-05
2.6229e-06,8.825e-07,0.63146,575.87,7.5971,4.6198e-05
2.6229e-06,8.825e-07,0.63146,575.87,7.5971,4.6198e-05
2.6229e-06,8.825e-07,0.63146,575.87,7.5971,4.6198e-05
2.6227e-06,8.8236e-07,0.63143,575.87,7.5971,4.6147e-05
2.6227e-06,8.8236e-07,0.63143,575.87,7.5971,4.6147e-05
2.6226e-06,8.8229e-07,0.63141,575.87,7.5971,4.6123e-05
2.6226e-06,8.8229e-07,0.63141,575.87,7.5971,4.6123e-05
2.6211e-06,8.8125e-07,0.63119,575.87,7.5971,4.5746e-05
2.6211e-06,8.8125e-07,0.63119,575.87,7.5971,4.5746e-05
2.6211e-06,8.8125e-07,0.63119,575.87,7.5971,4.5746e-05
2.6196e-06,8.8027e-07,0.63096,575.87,7.5971,4.5386e-05
2.6166e-06,8.7847e-07,0.63051,575.87,7.5971,4.4715e-05
2.6166e-06,8.7847e-07,0.63051,575.87,7.5971,4.4715e-05
2.6166e-06,8.7847e-07,0.63051,575.87,7.5971,4.4715e-05
2.6166e-06,8.7847e-07,0.63051,575.87,7.5971,4.4715e-05
2.6166e-06,8.7847e-07,0.63051,575.87,7.5971,4.4715e-05
2.6166e-06,8.7847e-07,0.63051,575.87,7.5971,4.4715e-05
2.6166e-06,8.7847e-07,0.63051,575.87,7.5971,4.4715e-05
2.6166e-06,8.7847e-07,0.63051,575.87,7.5971,4.4715e-05
2.6166e-06,8.7847e-07,0.63051,575.87,7.5971,4.4715e-05
2.6166e-06,8.7847e-07,0.63051,575.87,7.5971,4.4715e-05
2.6166e-06,8.7847e-07,0.63051,575.87,7.5971,4.4715e-05
2.6166e-06,8.7847e-07,0.63051,575.87,7.5971,4.4715e-05
2.6166e-06,8.7847e-07,0.63051,575.87,7.5971,4.4715e-05
2.6166e-06,8.7847e-07,0.63051,575.87,7.5971,4.4715e-05
2.6166e-06,8.7847e-07,0.63051,575.87,7.5971,4.4715e-05
2.6166e-06,8.7847e-07,0.63051,575.87,7.5971,4.4715e-05
2.6166e-06,8.7847e-07,0.63051,575.87,7.5971,4.4715e-05
2.6166e-06,8.7847e-07,0.63051,575.87,7.5971,4.4715e-05
2.6166e-06,8.7847e-07,0.63051,575.87,7.5971,4.4715e-05
2.6166e-06,8.7847e-07,0.63051,575.87,7.5971,4.4715e-05
2.6166e-06,8.7847e-07,0.63051,575.87,7.5971,4.4715e-05
2.6166e-06,8.7847e-07,0.63051,575.87,7.5971,4.4715e-05
2.6166e-06,8.7847e-07,0.63051,575.87,7.5971,4.4715e-05
2.6166e-06,8.7847e-07,0.63051,575.87,7.5971,4.4715e-05
2.615e-06,8.7768e-07,0.6303,575.87,7.5971,4.4418e-05
2.615e-06,8.7768e-07,0.6303,575.87,7.5971,4.4418e-05
2.615e-06,8.7768e-07,0.6303,575.87,7.5971,4.4418e-05
2.615e-06,8.7768e-07,0.6303,575.87,7.5971,4.4418e-05
2.615e-06,8.7768e-07,0.6303,575.87,7.5971,4.4418e-05
2.615e-06,8.7768e-07,0.6303,575.87,7.5971,4.4418e-05
2.615e-06,8.7768e-07,0.6303,575.87,7.5971,4.4418e-05
2.612e-06,8.7603e-07,0.62985,575.87,7.5971,4.3801e-05
2.612e-06,8.7603e-07,0.62985,575.87,7.5971,4.3801e-05
2.612e-06,8.7603e-07,0.62985,575.87,7.5971,4.3801e-05
2.612e-06,8.7603e-07,0.62985,575.87,7.5971,4.3801e-05
2.612e-06,8.7603e-07,0.62985,575.87,7.5971,4.3801e-05
2.612e-06,8.7603e-07,0.62985,575.87,7.5971,4.3801e-05
2.612e-06,8.7603e-07,0.62985,575.87,7.5971,4.3801e-05
2.612e-06,8.7603e-07,0.62985,575.87,7.5971,4.3801e-05
2.612e-06,8.7603e-07,0.62985,575.87,7.5971,4.3801e-05
2.612e-06,8.7603e-07,0.62985,575.87,7.5971,4.3801e-05
2.612e-06,8.7603e-07,0.62985,575.87,7.5971,4.3801e-05
2.612e-06,8.7603e-07,0.62985,575.87,7.5971,4.3801e-05
2.612e-06,8.7603e-07,0.62985,575.87,7.5971,4.3801e-05
2.6105e-06,8.7529e-07,0.62964,575.87,7.5971,4.3525e-05
2.609e-06,8.7453e-07,0.62943,575.87,7.5971,4.3248e-05
2.609e-06,8.7453e-07,0.62943,575.87,7.5971,4.3248e-05
2.6059e-06,8.7283e-07,0.62899,575.87,7.5971,4.2658e-05
2.6059e-06,8.7283e-07,0.62899,575.87,7.5971,4.2658e-05
2.6059e-06,8.7283e-07,0.62899,575.87,7.5971,4.2658e-05
2.6059e-06,8.7283e-07,0.62899,575.87,7.5971,4.2658e-05
2.6059e-06,8.7283e-07,0.62899,575.87,7.5971,4.2658e-05
2.6059e-06,8.7283e-07,0.62899,575.87,7.5971,4.2658e-05
2.6059e-06,8.7283e-07,0.62899,575.87,7.5971,4.2658e-05
2.6059e-06,8.7283e-07,0.62899,575.87,7.5971,4.2658e-05
2.6059e-06,8.7283e-07,0.62899,575.87,7.5971,4.2658e-05
2.6059e-06,8.7283e-07,0.62899,575.87,7.5971,4.2658e-05
2.6059e-06,8.7283e-07,0.62899,575.87,7.5971,4.2658e-05
2.6059e-06,8.7283e-07,0.62899,575.87,7.5971,4.2658e-05
2.6059e-06,8.7283e-07,0.62899,575.87,7.5971,4.2658e-05
2.6059e-06,8.7283e-07,0.62899,575.87,7.5971,4.2658e-05
2.6059e-06,8.7283e-07,0.62899,575.87,7.5971,4.2658e-05
2.6059e-06,8.7283e-07,0.62899,575.87,7.5971,4.2658e-05
2.6059e-06,8.7283e-07,0.62899,575.87,7.5971,4.2658e-05
2.6059e-06,8.7283e-07,0.62899,575.87,7.5971,4.2658e-05
2.6059e-06,8.7283e-07,0.62899,575.87,7.5971,4.2658e-05
2.6059e-06,8.7283e-07,0.62899,575.87,7.5971,4.2658e-05
2.6059e-06,8.7283e-07,0.62899,575.87,7.5971,4.2658e-05
2.6059e-06,8.7283e-07,0.62899,575.87,7.5971,4.2658e-05
2.6059e-06,8.7283e-07,0.62899,575.87,7.5971,4.2658e-05
2.6059e-06,8.7283e-07,0.62899,575.87,7.5971,4.2658e-05
2.6059e-06,8.7283e-07,0.62899,575.87,7.5971,4.2658e-05
2.6059e-06,8.7283e-07,0.62899,575.87,7.5971,4.2658e-05
2.6059e-06,8.7283e-07,0.62899,575.87,7.5971,4.2658e-05
2.6059e-06,8.7283e-07,0.62899,575.87,7.5971,4.2658e-05
2.6059e-06,8.7283e-07,0.62899,575.87,7.5971,4.2658e-05
2.6059e-06,8.7283e-07,0.62899,575.87,7.5971,4.2658e-05
2.6059e-06,8.7283e-07,0.62899,575.87,7.5971,4.2658e-05
2.6059e-06,8.7283e-07,0.62899,575.87,7.5971,4.2658e-05
2.7272e-06,8.7721e-07,0.62865,575.88,7.6002,4.4811e-05
2.7272e-06,8.7721e-07,0.62865,575.88,7.6002,4.4811e-05
2.8637e-06,1.4503e-06,0.43322,576.02,7.6564,5.0408e-05
2.8678e-06,1.4475e-06,0.43322,576.02,7.6564,4.989e-05
2.8678e-06,1.4475e-06,0.43322,576.02,7.6564,4.989e-05
2.8678e-06,1.4475e-06,0.43322,576.02,7.6564,4.989e-05
2.8672e-06,1.4462e-06,0.43319,576.02,7.6564,4.9603e-05
2.8669e-06,1.4456e-06,0.43317,576.02,7.6564,4.9461e-05
2.8669e-06,1.4456e-06,0.43317,576.02,7.6564,4.9461e-05
2.8636e-06,1.4414e-06,0.43294,576.02,7.6564,4.8473e-05
2.8632e-06,1.4409e-06,0.43291,576.02,7.6564,4.8365e-05
2.863e-06,1.4407e-06,0.4329,576.02,7.6564,4.8314e-05
2.863e-06,1.4407e-06,0.4329,576.02,7.6564,4.8314e-05
2.863e-06,1.4407e-06,0.4329,576.02,7.6564,4.8314e-05
2.863e-06,1.4407e-06,0.4329,576.02,7.6564,4.8314e-05
2.8622e-06,1.4399e-06,0.43284,576.02,7.6564,4.8121e-05
2.8588e-06,1.4366e-06,0.43259,576.02,7.6564,4.7329e-05
2.8588e-06,1.4366e-06,0.43259,576.02,7.6564,4.7329e-05
2.8588e-06,1.4366e-06,0.43259,576.02,7.6564,4.7329e-05
2.8588e-06,1.4366e-06,0.43259,576.02,7.6564,4.7329e-05
2.8588e-06,1.4366e-06,0.43259,576.02,7.6564,4.7329e-05
2.8588e-06,1.4366e-06,0.43259,576.02,7.6564,4.7329e-05
2.8588e-06,1.4366e-06,0.43259,576.02,7.6564,4.7329e-05
2.8588e-06,1.4366e-06,0.43259,576.02,7.6564,4.7329e-05
2.8588e-06,1.4366e-06,0.43259,576.02,7.6564,4.7329e-05
2.8588e-06,1.4366e-06,0.43259,576.02,7.6564,4.7329e-05
2.8588e-06,1.4366e-06,0.43259,576.02,7.6564,4.7329e-05
2.8588e-06,1.4366e-06,0.43259,576.02,7.6564,4.7329e-05
2.8588e-06,1.4366e-06,0.43259,576.02,7.6564,4.7329e-05
2.8588e-06,1.4366e-06,0.43259,576.02,7.6564,4.7329e-05
2.8588e-06,1.4366e-06,0.43259,576.02,7.6564,4.7329e-05
2.8735e-06,1.413e-06,0.44507,576.02,7.6578,4.9782e-05
2.8701e-06,1.4097e-06,0.4448,576.02,7.6578,4.8937e-05
2.8693e-06,1.409e-06,0.44474,576.02,7.6578,4.8756e-05
2.8693e-06,1.409e-06,0.44474,576.02,7.6578,4.8756e-05
2.8693e-06,1.409e-06,0.44474,576.02,7.6578,4.8756e-05
2.8626e-06,1.4033e-06,0.44413,576.02,7.6578,4.7254e-05
2.8626e-06,1.4033e-06,0.44413,576.02,7.6578,4.7254e-05
2.8626e-06,1.4033e-06,0.44413,576.02,7.6578,4.7254e-05
2.8626e-06,1.4033e-06,0.44413,576.02,7.6578,4.7254e-05
2.8626e-06,1.4033e-06,0.44413,576.02,7.6578,4.7254e-05
2.8626e-06,1.4033e-06,0.44413,576.02,7.6578,4.7254e-05
2.8626e-06,1.4033e-06,0.44413,576.02,7.6578,4.7254e-05
2.8626e-06,1.4033e-06,0.44413,576.02,7.6578,4.7254e-05
2.8626e-06,1.4033e-06,0.44413,576.02,7.6578,4.7254e-05
2.8626e-06,1.4033e-06,0.44413,576.02,7.6578,4.7254e-05
2.8626e-06,1.4033e-06,0.44413,576.02,7.6578,4.7254e-05
2.8626e-06,1.4033e-06,0.44413,576.02,7.6578,4.7254e-05
2.8626e-06,1.4033e-06,0.44413,576.02,7.6578,4.7254e-05
2.8626e-06,1.4033e-06,0.44413,576.02,7.6578,4.7254e-05
2.8626e-06,1.4033e-06,0.44413,576.02,7.6578,4.7254e-05
2.8626e-06,1.4033e-06,0.44413,576.02,7.6578,4.7254e-05
2.482e-06,1.3907e-06,0.4611,576.02,7.6638,4.9998e-05
2.4762e-06,1.3812e-06,0.46036,576.02,7.6638,4.7411e-05
2.4762e-06,1.3812e-06,0.46036,576.02,7.6638,4.7411e-05
2.4762e-06,1.3812e-06,0.46036,576.02,7.6638,4.7411e-05
2.4762e-06,1.3812e-06,0.46036,576.02,7.6638,4.7411e-05
2.4762e-06,1.3812e-06,0.46036,576.02,7.6638,4.7411e-05
2.4762e-06,1.3812e-06,0.46036,576.02,7.6638,4.7411e-05
2.4762e-06,1.3812e-06,0.46036,576.02,7.6638,4.7411e-05
2.4762e-06,1.3812e-06,0.46036,576.02,7.6638,4.7411e-05
2.4762e-06,1.3812e-06,0.46036,576.02,7.6638,4.7411e-05
2.4762e-06,1.3812e-06,0.46036,576.02,7.6638,4.7411e-05
2.4762e-06,1.3812e-06,0.46036,576.02,7.6638,4.7411e-05
2.4762e-06,1.3812e-06,0.46036,576.02,7.6638,4.7411e-05
2.4762e-06,1.3812e-06,0.46036,576.02,7.6638,4.7411e-05
2.4762e-06,1.3812e-06,0.46036,576.02,7.6638,4.7411e-05
2.4762e-06,1.3812e-06,0.46036,576.02,7.6638,4.7411e-05
2.4762e-06,1.3812e-06,0.46036,576.02,7.6638,4.7411e-05
2.4762e-06,1.3812e-06,0.46036,576.02,7.6638,4.7411e-05
2.4762e-06,1.3812e-06,0.46036,576.02,7.6638,4.7411e-05
2.4762e-06,1.3812e-06,0.46036,576.02,7.6638,4.7411e-05
2.4762e-06,1.3812e-06,0.46036,576.02,7.6638,4.7411e-05
2.4762e-06,1.3812e-06,0.46036,576.02,7.6638,4.7411e-05
2.4762e-06,1.3812e-06,0.46036,576.02,7.6638,4.7411e-05
2.4762e-06,1.3812e-06,0.46036,576.02,7.6638,4.7411e-05
2.4762e-06,1.3812e-06,0.46036,576.02,7.6638,4.7411e-05
2.4762e-06,1.3812e-06,0.46036,576.02,7.6638,4.7411e-05
2.4762e-06,1.3812e-06,0.46036,576.02,7.6638,4.7411e-05
2.4762e-06,1.3812e-06,0.46036,576.02,7.6638,4.7411e-05
2.4762e-06,1.3812e-06,0.46036,576.02,7.6638,4.7411e-05
2.4762e-06,1.3812e-06,0.46036,576.02,7.6638,4.7411e-05
2.4762e-06,1.3812e-06,0.46036,576.02,7.6638,4.7411e-05
2.4762e-06,1.3812e-06,0.46036,576.02,7.6638,4.7411e-05
2.4762e-06,1.3812e-06,0.46036,576.02,7.6638,4.7411e-05
2.4762e-06,1.3812e-06,0.46036,576.02,7.6638,4.7411e-05
2.4762e-06,1.3812e-06,0.46036,576.02,7.6638,4.7411e-05
2.4762e-06,1.3812e-06,0.46036,576.02,7.6638,4.7411e-05
2.4762e-06,1.3812e-06,0.46036,576.02,7.6638,4.7411e-05
2.4762e-06,1.3812e-06,0.46036,576.02,7.6638,4.7411e-05
2.4762e-06,1.3812e-06,0.46036,576.02,7.6638,4.7411e-05
2.4762e-06,1.3812e-06,0.46036,576.02,7.6638,4.7411e-05
