1.051850837703671672e-06 5.095291465902522798e-01 5.186727287486052091e+02 4.690812791234721691e-06 5.588148099451891726e-01
1.189078836746788574e-06 5.242287422585678591e-01 4.728000908389529968e+02 4.859407607567805754e-06 8.392946709464290667e-01
1.850121688795132256e-06 5.783814069572745797e-01 3.757652512563913092e+02 3.756321221622044206e-06 3.833190810468903309e-01
8.157850709596258984e-07 4.098298357086809229e-01 5.146990379490089254e+02 4.548290659318831917e-06 7.367123409273148571e-01
1.741189117973393920e-06 5.543117584547009313e-01 4.815036432069958323e+02 3.500193695585935955e-06 1.337826545494246178e-01
1.644967665099195438e-06 5.612256027903583799e-01 4.768290981270597513e+02 6.168860886704179275e-06 5.424351296120250021e-01
1.336050998805176519e-06 6.102322946579081808e-01 5.262476359449748315e+02 4.645832717039570461e-06 1.357782652599187623e-01
1.145220780000949369e-06 5.058723523349680784e-01 4.993940208613953473e+02 2.975705188105255620e-06 4.055680829622136940e-01
1.198871696243379141e-06 6.789745770091856203e-01 4.933792146635207700e+02 4.523087358998006442e-06 5.691174915325218908e-01
8.957794438980747649e-07 6.033361508875048074e-01 5.530346757053050624e+02 5.165055535372060134e-06 2.263553259136820983e-01
1.352360639052273166e-06 6.117565308934928003e-01 4.876706262456627314e+02 4.972635741695904898e-06 2.710374082894922432e-01
5.628865573018170934e-07 5.023965941525121437e-01 5.177058888263732115e+02 4.920651592280469454e-06 8.370519828423275133e-01
1.150400291548257032e-06 5.250112435649512133e-01 5.218043262585325692e+02 2.989644758933892023e-06 5.287543282407668466e-01
8.211690530271812274e-07 5.006517840161581745e-01 5.467353819997340452e+02 8.331006911498776751e-06 5.615153446296285988e-01
9.244084003186969637e-07 6.140375647878066889e-01 5.586496771294596329e+02 4.801157850579222380e-06 2.109609436956407791e-01
1.408030704673255776e-06 4.636763051802803015e-01 4.594546555132466779e+02 8.606615590356803220e-06 5.992502769748199176e-01
1.652572554569062602e-06 5.634287895889737996e-01 4.448039350375637468e+02 7.732418795938381600e-06 4.738665277315018964e-01
1.344841300774179559e-06 6.000857183039514098e-01 5.361195248135421707e+02 4.236574028312296427e-06 1.672708809590412737e-01
1.585616399083234533e-06 5.920216164424166871e-01 4.929430744923275256e+02 2.197780363378480973e-06 3.038280734587248677e-01
8.853110233360613637e-07 6.872198066801651350e-01 4.757290545696628215e+02 4.440251169679365182e-06 4.613795550806089052e-01
7.411096863747870614e-07 5.383499246525718096e-01 5.040246842658559103e+02 5.687849473052967711e-06 6.641401405890643428e-01
1.142670694763194768e-06 5.808412743659692179e-01 4.758484526039952129e+02 2.835468543861981094e-06 3.616816412833930294e-01
1.529636978446038260e-06 5.710517735348316082e-01 4.977694160480859296e+02 3.731598922051411184e-06 3.767271132866154004e-01
1.729692247343628638e-06 6.209029463761198686e-01 4.206104945264803519e+02 7.564842244545470063e-06 5.140798994391496679e-01
1.672990903622338023e-06 5.060540046909932643e-01 3.591453214423166855e+02 7.263658641669883432e-06 5.344016110829423738e-01
8.470350734894412209e-07 5.366966862811256567e-01 5.201852115855094780e+02 4.889140434058834323e-06 4.197534374951817915e-01
1.888151807071360375e-06 4.439825244293411077e-01 5.188225809284631396e+02 5.914735255065340097e-06 3.820795482022059097e-01
1.978394428892445869e-06 5.903808147818777607e-01 4.379746478352177519e+02 5.196257207238510929e-06 4.739683681876347698e-01
1.067787701230282986e-06 4.957342585842418048e-01 5.539419267961402511e+02 6.728014732704841816e-06 5.659516640903823337e-01
2.174045062289090700e-06 6.678618059288115028e-01 3.534631087186007790e+02 9.646782781870280420e-06 2.190067011757334259e-01
1.740599874929515614e-06 4.985546051769943476e-01 5.061947035608191072e+02 3.470436405033195725e-06 2.780276847124818485e-01
1.738152533755817041e-06 5.290838719159600689e-01 4.580687743227522901e+02 5.740555480581704968e-06 4.184651417264655948e-01
1.842043829160157587e-06 4.735848876754947256e-01 5.026890783053586347e+02 6.575534563091173880e-06 4.451839919482255548e-01
1.089495369522356263e-06 5.587741391816873904e-01 5.099944489746988552e+02 2.315023678484546456e-06 1.366278653710733815e-01
1.622595090260815540e-06 4.890092392149728573e-01 4.361921796815299217e+02 6.294247540020083887e-06 6.843358841981190821e-01
1.657743752813937383e-06 5.655436063506535938e-01 4.464520925094834070e+02 5.887799624405339246e-06 1.870080661657031185e-01
1.242541061318474374e-06 5.252887489141506716e-01 5.185182550153950842e+02 2.017901660307143328e-06 6.880411648890302212e-01
1.309783980515711409e-06 4.728249309670589096e-01 5.334090076867880725e+02 5.814559046600752270e-06 6.046068972486701165e-02
1.734431431025379493e-06 4.729497285196052614e-01 4.111502102609871372e+02 7.556246133591610291e-06 5.066182934076081112e-01
7.190349646783204033e-07 6.224659585885340407e-01 4.367220177661083653e+02 2.149994069602473929e-06 3.508884146124437997e-01
1.801676849323369891e-06 6.009306167762621387e-01 4.213256335234758012e+02 1.920597086394425653e-06 1.270953415009568599e-01
1.693961975176332381e-06 5.735263522390785518e-01 4.917387263434347346e+02 2.838823445458100043e-06 3.096057019738984728e-01
1.196982223261503350e-06 5.121007387189288051e-01 5.371423018487924992e+02 3.424816639359003608e-06 4.839897447073655545e-01
2.008394677290499027e-06 6.321845571715174472e-01 3.709313671555466385e+02 7.378921167237944267e-06 3.874613138534432344e-01
6.044036779711319394e-07 5.301864432104026470e-01 5.028513738070029717e+02 4.826227653793483413e-06 8.221530158386670672e-01
1.023803785656153346e-06 6.577621272521888551e-01 5.032042383684610058e+02 3.919371006122177064e-06 2.758223334986855124e-01
1.366768408523528987e-06 4.624239276065911231e-01 5.461937555247432101e+02 7.029646332110883747e-06 2.463706050680411486e-01
1.691289099591551042e-06 5.950225522239586118e-01 3.977589876628856587e+02 4.014500262320597477e-06 4.895260773335702864e-01
1.959490744849682391e-06 6.459963765258071033e-01 3.879961030048047519e+02 4.068531728376842409e-06 3.787104082260022708e-01
1.765033163905650124e-06 5.073318176007217684e-01 3.724359421137522190e+02 6.521009857026779352e-06 3.140847410040149001e-01
9.518375661070981480e-07 6.027598870782429064e-01 5.236666377798746908e+02 3.602192120381242970e-06 3.280338946803310063e-01
1.050968532668324628e-06 5.085329725357021768e-01 5.510587161051920475e+02 4.328773683021611512e-06 1.825779640898581579e-01
1.177794219444830859e-06 5.325046275471330137e-01 5.242822172266883172e+02 2.075704054432591135e-06 2.499854441827744078e-01
1.012158996856627862e-06 5.615796266595644015e-01 5.056410529478578155e+02 3.868630543796728558e-06 2.872580743907832690e-01
1.707439682034155869e-06 5.916208243915136444e-01 3.556428676958879578e+02 5.540649527275484473e-06 5.764486982955657757e-01
1.259963427521337984e-06 6.109887741269027783e-01 5.025706118899095713e+02 4.055675767760339821e-06 2.668859861945510059e-01
1.721238135058506138e-06 5.433754306235589748e-01 4.087505768587532202e+02 4.546507843199993137e-06 5.743789877903945351e-01
8.280950873239044752e-07 6.555221505594738263e-01 4.803387422940042484e+02 6.194069075070516621e-06 3.083670977214151288e-01
1.756060990492808382e-06 5.317578808065869245e-01 3.897483118585184911e+02 4.922192834583674432e-06 2.611577677578733048e-01
1.455874255550603606e-06 5.690148076823684509e-01 3.445448842851726567e+02 7.795856338766389467e-06 6.678443398909738038e-01
9.652924144086545446e-07 6.250599539251266989e-01 4.857011586845699185e+02 5.497903388163820750e-06 1.746675894575022148e-01
1.593420747499080541e-06 4.728880735156296700e-01 4.608210327617981648e+02 4.294296628606389785e-06 5.522721978408384746e-01
1.793131222956488241e-06 5.755181734260249593e-01 4.383944816487366438e+02 1.745212604942318454e-06 2.366431011555768238e-01
1.963235864987502960e-06 3.704628214142939302e-01 5.602284434845286114e+02 5.888584156197473403e-06 -7.386904618162104530e-03
8.238268080789920699e-07 6.561485683806463909e-01 4.148894901141690070e+02 3.590733274978487786e-06 9.188425554951684671e-02
1.773082546298412900e-06 6.261194308282514998e-01 4.306657169113789223e+02 6.849079821727997458e-06 1.137666992742053795e-01
1.839424946616074999e-06 5.432499161742752047e-01 3.800457715105785041e+02 6.087803671074085579e-06 4.371313495024617413e-01
1.517578506211737320e-06 4.572666170611870973e-01 3.937769574510256234e+02 4.593162397538299804e-06 1.825567355895887922e-01
1.288101459963721369e-06 4.103738845252777878e-01 4.425048048225098114e+02 2.106307036663870292e-06 1.834691270199117208e-01
1.593659230831125884e-06 5.281837723374329663e-01 3.871150161655929196e+02 3.762776784880219548e-06 8.364314500869746150e-02
1.393604363794865600e-06 6.268594724011872232e-01 4.747493134952702576e+02 4.796251252277995280e-06 1.625753625272803593e-01
1.225457997040940652e-06 5.500914324480695727e-01 4.489530443673351670e+02 2.402268214225903221e-06 7.579642910864317629e-02
1.454083526862947360e-06 5.532577625229155860e-01 4.770408931166070943e+02 4.650816557049390738e-06 8.313684871481150651e-01
1.860335213375397531e-06 4.762397909468477075e-01 4.405749194235726236e+02 9.592145788921751102e-06 1.695287066093035533e-01
1.663152443320755265e-06 5.701543938422298785e-01 3.308791055265810996e+02 9.084986110854556356e-06 5.144668695487814025e-01
1.304460702773914656e-06 5.515532338662670897e-01 4.440563209351607838e+02 2.596076396397397729e-06 3.046151015699908315e-01
1.487769379778943527e-06 6.168793805154945131e-01 4.946710806916913725e+02 2.087285632672487285e-06 3.301222980725488920e-01
8.780946881801792691e-07 6.258643918651014548e-01 5.505076061342746243e+02 5.149369965332061887e-06 1.804275875211720781e-01
1.770858952907016671e-06 5.724913156950992565e-01 4.402115087225300840e+02 1.912993634812401720e-06 2.044470266179585216e-01
6.594226773667765764e-07 7.533792111873383046e-01 5.001605177433649487e+02 8.077493871906113134e-06 3.618618973251177540e-01
1.736667894429921773e-06 5.699665710957376730e-01 4.257520877485259234e+02 3.665910414017499490e-06 5.174125891170411329e-01
1.518520535128110772e-06 6.044495630108441819e-01 3.680466300651755773e+02 6.992023480138443064e-06 7.423540904297912801e-01
1.847649674068569104e-06 5.871929967478913825e-01 3.275037611298131992e+02 7.712675638089712442e-06 6.248813298362065893e-01
2.133756528808933903e-06 3.834914670663630010e-01 4.403053705258414539e+02 1.082967150035708644e-05 1.408794713200335058e-01
1.603791713453400547e-06 5.721834084824012345e-01 4.466914081295948336e+02 5.150378082288461057e-06 6.647215424409351758e-01
1.185359695276627964e-06 6.499058470383949349e-01 4.729403499851638344e+02 4.505820030554316300e-06 6.256289493887764452e-01
1.686667978019763792e-06 5.577715956530874264e-01 5.045993741109240318e+02 5.075950787205954867e-06 2.667894169645518287e-01
6.775499804051246446e-07 7.497696430695270919e-01 4.382485924835655737e+02 4.449395703273404760e-06 9.166099941994979017e-02
5.794343544777334770e-07 5.108787984439386864e-01 5.376555635003006728e+02 6.411432861526811950e-06 5.070025073824050432e-01
1.834872620233292137e-06 6.117485618261584435e-01 4.385517178671122451e+02 6.432335765266721624e-06 2.794581381006223664e-01
1.811904448198036310e-06 5.555621515016139211e-01 4.898603241872546050e+02 4.201642599061284296e-06 3.551580932416962266e-01
1.263973186149674982e-06 4.871782055106479992e-01 5.217296425227335703e+02 3.160459604316552370e-06 -1.142173574285215154e-01
8.369705679312604759e-07 5.255388574910164756e-01 5.347739447961233736e+02 4.660629719627787599e-06 3.003130176462049383e-01
1.723536497875033354e-06 5.609148721375812885e-01 4.964137052676410917e+02 6.125410652359818681e-06 4.777798620118846040e-01
1.024919555922374432e-06 5.001569465158340888e-01 5.259599455445634248e+02 3.054092077145578352e-06 7.704822028252338306e-01
1.552908459577639487e-06 5.804023673898708324e-01 4.790013366297757784e+02 3.954361043621077617e-06 2.589461647080180118e-01
1.121675430357992984e-06 6.515627153884573364e-01 4.663703570862904826e+02 4.222302875651315559e-06 -6.384024296084556127e-02
1.692174145656194087e-06 5.701126089427738242e-01 4.188232664659744842e+02 4.653315126731347737e-06 1.305570261908106378e-01
1.791292771106750121e-06 5.688874841725684028e-01 4.276042704062289204e+02 1.761456043623970517e-06 3.796177060688681881e-01
1.146505439691391370e-06 4.150598840126144551e-01 5.300942468391137936e+02 9.228446475615532647e-06 5.098634485904134372e-01
1.652063750304366714e-06 5.810521005245091741e-01 5.008340684445918782e+02 6.320882928360446214e-06 1.800132390620340361e-02
7.926299076252697735e-07 5.588195540333961153e-01 5.261385796081086710e+02 6.972037035347741858e-06 3.676801784706698606e-01
1.865401882120030934e-06 4.824876823978032636e-01 4.875694619771990688e+02 9.783631001023975192e-06 1.447884334178618781e-01
6.552684400160384328e-07 5.558757865432329970e-01 5.120195467210126026e+02 5.980926139080883856e-06 1.479934179980421649e-01
6.756152673442781768e-07 6.142064574376956410e-01 4.804172144930888066e+02 6.757894220841357741e-06 2.889134570625772613e-01
1.629951124845263927e-06 5.584968790969498942e-01 3.878289447837258308e+02 5.229215903613120177e-06 1.697300813062665725e-01
1.335169750457938096e-06 4.663866442736034346e-01 5.350817808563482458e+02 9.482727969846153717e-06 2.915680040514344040e-01
1.026197716846501213e-06 4.700725391496747840e-01 5.085104784330457051e+02 3.045251475808699768e-06 5.230538253675860449e-01
8.316217278710006406e-07 5.792178690393123830e-01 5.021590876899222167e+02 2.843313141153966952e-06 1.636098622773169697e-01
1.347792032297842976e-06 6.197827220773441947e-01 4.804140262457755171e+02 4.627338963401718642e-06 2.732673529466039808e-01
1.522629295352221399e-06 5.274153200702019761e-01 3.615772251466395346e+02 6.247139623771049993e-06 5.000901118792695499e-01
9.960663646965901986e-07 6.183145201144303327e-01 5.597179698938917909e+02 3.926880279229624466e-06 1.942023892275262231e-01
1.004598851127995199e-06 6.337168448227347151e-01 5.085492615646164154e+02 4.520011610234940156e-06 1.599057679439119806e-01
2.325554202521689192e-06 6.412195250469628904e-01 3.260387203090331241e+02 8.296988362100892063e-06 3.943377262682932760e-01
1.724408929644087082e-06 4.772342674594724499e-01 3.672285561877079090e+02 4.790693544204096841e-06 3.128428684185647346e-01
8.378937566344069916e-07 5.603368647571398409e-01 5.105533622303298102e+02 4.284115216307730796e-06 2.194435155957990269e-01
1.017320800471398872e-06 5.157928563242628606e-01 4.480257666848850704e+02 3.940177080881833995e-06 5.385184770288171663e-01
1.617945742260611198e-06 5.281339749682060214e-01 3.715517649419370514e+02 5.625825441415466118e-06 3.131045380931946065e-01
2.306762096125454285e-06 6.128241737487414298e-01 3.224279414137162689e+02 1.111291665854823192e-05 1.607150307270863165e-01
1.613281750545197785e-06 4.713929331197784789e-01 4.783656889128301373e+02 2.674381281751320273e-06 4.327853714138917285e-01
8.430677082548546267e-07 6.935221192035629922e-01 4.651397732351173318e+02 4.515979572248255674e-06 9.024250844833203722e-02
1.645559893480029726e-06 5.695749013003000849e-01 3.924112514914637018e+02 5.265164079505388811e-06 1.917234063324880222e-01
9.793035232528737015e-07 4.966536814384266418e-01 5.188243738463202135e+02 5.462822996446020033e-06 6.319115107085200300e-01
1.543808888422177944e-06 5.488521597995908996e-01 3.964890897234013210e+02 3.142374609220517706e-06 1.645027666350224183e-01
1.184887275080723066e-06 5.618729188643536432e-01 5.205858960754820828e+02 2.618131007258485556e-06 4.506283239362434134e-01
8.999235628606445333e-07 5.296055306591728185e-01 5.392627503675150820e+02 6.019044786075163937e-06 4.921518978733612215e-01
1.792646219283510660e-06 6.254692576070304266e-01 3.998707701703076509e+02 8.520236074978204853e-06 6.916952409003979119e-01
1.814237378724477222e-06 5.639875877071663934e-01 4.820069623616326453e+02 3.088750950038690055e-06 4.407811673905476790e-01
8.649413973024727126e-07 5.644366773964610839e-01 5.117571581428033483e+02 4.891240053663568354e-06 1.938606583577806020e-01
1.728115657577338677e-06 5.982398187938416934e-01 4.134199782793238569e+02 3.521932170979419666e-06 1.421867564878295243e-01
1.080118150283311371e-06 4.864447926360797592e-01 5.584325143350388316e+02 5.092915880977520897e-06 4.543071810378823128e-01
1.733270734217836040e-06 5.229827950866667852e-01 4.608778985576279297e+02 6.015846220434734173e-06 6.208100741913649134e-01
1.036313556668659007e-06 4.670224010656917057e-01 4.639152483135578109e+02 3.340375840544026235e-06 6.998658332664691173e-01
4.718870625728074687e-07 4.364781248278024051e-01 5.688592411518775407e+02 7.044994160265119921e-06 6.134786721760128181e-01
1.778670246237612935e-06 5.154264047818643002e-01 4.650572620509589115e+02 3.614766024828066707e-06 6.828329903035718074e-02
1.641725818587015797e-06 5.492256665377204250e-01 4.146387746876582696e+02 2.923753278793218818e-06 2.211915399031460505e-01
4.930862526139371960e-07 4.869841314712974878e-01 5.068789806164596143e+02 3.592483304555335460e-06 1.133417315568119088e+00
1.602127533401682199e-06 5.490467170507252748e-01 5.001618484163252560e+02 3.220800745247433773e-06 4.335518410573318548e-01
1.718101342750333029e-06 5.906498071887676948e-01 3.869096258388395881e+02 5.641586964458677711e-06 6.186064077678441464e-01
1.058219184422264361e-06 5.864128115867998092e-01 4.775844645589637594e+02 1.383583827254251409e-06 1.061713226786847875e-02
2.153396444029020848e-06 4.869312441894650956e-01 3.974520156547224019e+02 8.219063992418809976e-06 5.617662460605282737e-01
1.047934123945393975e-06 5.942931066905439152e-01 4.670589567759492411e+02 1.071228392570677948e-06 -6.707929210031510214e-02
8.269442088950549871e-07 6.360862526939315975e-01 4.502953171973175017e+02 2.797057434387307340e-06 1.050196626450355664e-01
9.946332146436738549e-07 5.316558640525672619e-01 5.159445934978742798e+02 4.060053446803700644e-06 1.719102135783069918e-01
1.507698094473161977e-06 5.964776499733133175e-01 4.845515573040124195e+02 4.033300379233952819e-06 3.508451934353136181e-01
1.352339749409352006e-06 4.767016152954443031e-01 5.343189260830249623e+02 7.995967824956304789e-06 7.584242308557292978e-01
1.394253003249275889e-06 6.270415999596439249e-01 4.693280385321341441e+02 4.621954070281159463e-06 4.280880407925727327e-01
9.618005591167946857e-07 5.956043729544491239e-01 4.952841450591107559e+02 4.280717678438055278e-06 1.998923315110307242e-01
2.014883289186120052e-06 5.076832651734057844e-01 3.998191211299845236e+02 1.183275549807874755e-05 3.268633128635431984e-01
1.102783139124021277e-06 5.683122460631555573e-01 5.100363269241390185e+02 1.997837325587684097e-06 3.517435870935219366e-01
1.735339340561939777e-06 5.275152928189199564e-01 3.472960281971577388e+02 4.769329655385102594e-06 5.364098731787017016e-01
1.340223749563939250e-06 5.418271691774600995e-01 4.649073941220306097e+02 1.752497434307301395e-06 9.701136988812072981e-02
1.657595811512289938e-06 5.350716645951600903e-01 4.305010959136447468e+02 1.774357575070480612e-06 -4.833110697342896112e-02
1.249505349883482773e-06 5.746864172048752328e-01 5.133470422851661397e+02 2.200694116746747843e-06 4.199743097392713564e-01
1.053155365686878615e-06 5.734185084648474318e-01 5.044128147162001028e+02 4.886989553688464648e-06 -5.775425518051413576e-02
8.835745462697409144e-07 5.530194118664001346e-01 5.232696843287590127e+02 4.528211226873070708e-06 5.352711897281432485e-01
8.054472874702288135e-07 5.268903996439506798e-01 5.337595113546891525e+02 8.456642010387813385e-06 5.971929585490353132e-01
1.893377714839006036e-06 5.588749984083835054e-01 3.982644095428547644e+02 3.198051208122239521e-06 4.306118672660733671e-01
1.659496673551915927e-06 5.530304383248079159e-01 4.654085616070971696e+02 5.074747746707667300e-06 6.380826236476748736e-01
1.021078929573587168e-06 5.949708295352620357e-01 4.993013561904533049e+02 4.693828045285975098e-06 7.298343062399526016e-02
8.633277601033699581e-07 5.207078722969815665e-01 5.404032594766537159e+02 3.827144413465209365e-06 6.077916100265498001e-01
9.272683787526973627e-07 6.108137529272500421e-01 5.432216157413959081e+02 6.171031092793102784e-06 1.688407951665828743e-01
9.816672300971193010e-07 5.349782182323872259e-01 5.466456214735090953e+02 7.414791379731727091e-06 7.345908735117627764e-01
1.482406587500790077e-06 5.081258640696555418e-01 5.337262858633380347e+02 3.156002799764885607e-06 2.493601928539705692e-01
1.759336662602688127e-06 6.259188030393298963e-01 4.124522439418954036e+02 8.224031898169758783e-06 2.842806959427457425e-01
1.205804719386271617e-06 5.537971904417673397e-01 4.826934748559937702e+02 4.814062533024368006e-06 1.959121544742087606e-01
1.846654523329265772e-06 5.434268742809477137e-01 3.425544555509907809e+02 8.488826495682149530e-06 3.286123366346762609e-01
1.504559311915532564e-06 6.090419689013831794e-01 3.644955224949181343e+02 6.365811134996657131e-06 2.689293612469816352e-01
1.092465735510586195e-06 5.434782698538536128e-01 5.327327961170632307e+02 3.642416779560838769e-06 4.566092347499967063e-02
1.117806274127692982e-06 6.386021292124348658e-01 4.999821502722141986e+02 4.124416153540082922e-06 2.721479389275101579e-01
1.281910389136589625e-06 5.772421045872679901e-01 5.451460180299358171e+02 8.583096686210245520e-06 5.574572021971565539e-01
1.349557139441417900e-06 5.667636255566564918e-01 5.552497953115295104e+02 1.973791342340011087e-06 8.556774648910220327e-02
1.672077358117224145e-06 6.515097229532980094e-01 3.356058189219853602e+02 8.803757789649852545e-06 -2.724909837853095596e-02
8.226589218074224435e-07 6.450036509144450037e-01 5.023555686420864959e+02 4.661655574511109606e-06 1.712763568176255136e-01
1.321795094570224044e-06 5.078688506397877056e-01 5.606118256163795195e+02 3.313409521508229540e-06 4.325778464157392644e-01
4.137946085680127651e-07 5.424691922668130051e-01 5.401066035167682458e+02 4.505556005182676287e-06 4.468920821471748517e-01
1.339117545580224164e-06 5.171216244500812520e-01 4.747157433107078077e+02 4.064598246799414241e-06 6.137633889073799143e-01
7.678741387223205627e-07 2.952140359046951379e-01 4.654979885524152792e+02 3.876444822738615294e-06 5.794020655169510592e-01
9.328290667634107536e-07 6.850509082490798818e-01 4.613762179599320348e+02 4.286291164791842474e-06 7.186736106996333140e-02
9.403657156588350011e-07 6.944181090426349012e-01 4.726292781241667740e+02 4.871881594733274555e-06 1.301180944897081526e-01
1.753718275447711704e-06 4.907885109000533763e-01 4.994840261883524590e+02 7.775680002408950925e-06 3.876985456863089596e-01
1.635131839319195901e-06 5.629897731839239583e-01 5.062350332844609966e+02 5.339875031914462762e-06 8.696893207434563955e-02
1.698205769276140538e-06 6.022402305471414863e-01 4.649373676509041502e+02 4.873564637353391210e-06 1.622689725869782273e-01
9.536696331647312137e-07 5.116137632965609416e-01 5.147273505865022116e+02 2.868485911507429032e-06 6.587125337375745460e-01
1.676835114041252288e-06 6.308894045352186897e-01 4.302324065024578772e+02 3.757662984090259001e-06 8.682219668833909831e-02
7.410685581911700040e-07 5.493416872117795613e-01 5.359135469599900716e+02 4.283958709446618466e-06 2.642626050307714802e-01
2.004274567110515548e-06 4.067422596841914206e-01 5.071985299206229456e+02 9.403887091743689579e-06 9.592111858755494880e-02
8.408594492815949782e-07 6.901622354542313875e-01 4.682344599559946232e+02 4.252559265073013067e-06 1.263018964662992183e-01
1.668753179337091480e-06 4.815217475526366031e-01 4.718524671986883732e+02 7.070503965465122084e-06 6.976169904795954668e-01
1.644121014653375441e-06 5.989315075189147741e-01 3.688313276636984028e+02 7.689036033778813911e-06 7.672399888357548381e-01
1.934612445634006926e-06 4.272384010454141068e-01 4.644121422531303551e+02 8.768293582689403701e-06 2.644677112931497209e-01
1.577573265327824458e-06 5.292526985327091760e-01 5.146081511751655171e+02 2.814456376772212039e-06 1.512465081724077010e-01
6.330453492815905815e-07 3.443789609836764298e-01 5.690477015606920759e+02 6.616990106133338049e-06 6.031178699688349854e-01
9.862922488412661630e-07 5.198735430572766214e-01 5.219874055894046023e+02 4.814374744332706800e-06 7.262656770126708627e-01
1.812810367225041672e-06 5.625718983709917520e-01 4.369447167462786297e+02 2.269968839021027607e-06 2.023616497749580745e-01
7.858171767058522531e-07 5.296739736885673899e-01 5.265147118345042827e+02 5.264383303547778793e-06 4.001155141056654263e-01
1.044501037544563589e-06 5.267432436525347761e-01 5.211839191403296354e+02 3.767807706387773752e-06 1.443061849740012170e-01
8.603260149537689140e-07 4.779782242588220820e-01 5.518147834744911506e+02 4.515051787337321446e-06 2.236495958890681313e-01
1.313266408527138143e-06 5.911975265503237598e-01 5.107211729978212134e+02 5.143893921522525594e-06 -5.316281278097717555e-02
1.747890789935713876e-06 5.562224190118331135e-01 4.086462563556474947e+02 4.651923661635235377e-06 5.671728571472546276e-01
9.567020933769855187e-07 5.191287281726598701e-01 5.284967775530275276e+02 3.997035977982288413e-06 6.835604656302508575e-01
1.220624916477108645e-06 4.806869281118798520e-01 4.277503182100184063e+02 5.832685692644770217e-06 6.110462640250085009e-01
1.408432712478818842e-06 6.199624457615288131e-01 4.826619145990191555e+02 3.994517085223662092e-06 3.367116165036660447e-01
1.601353948192971738e-06 5.709188125480172404e-01 4.858897234259188735e+02 4.490388591984631796e-06 2.769098098357659077e-01
1.268351982784967126e-06 3.910755089528137884e-01 4.687406214763484513e+02 4.818869738624978026e-06 6.079237784618197749e-01
1.322926401889738465e-06 5.526691699933209412e-01 5.461946872457335758e+02 6.943684185461887725e-06 5.243609121674777107e-01
2.044032369189189293e-06 6.289550882101943019e-01 3.869594777765038316e+02 1.133074297288111779e-05 1.429520431038111550e-01
1.112229477552431721e-06 5.211873394407205984e-01 5.076889827285471029e+02 3.379319700266022428e-06 2.560667271287886404e-01
1.263136002755886666e-06 5.590741190027260776e-01 4.992243384858002173e+02 2.967680861501127041e-06 6.571361409941747223e-01
1.791427892164829300e-06 5.212243683549098172e-01 4.835103128742474610e+02 5.631497310605240595e-06 1.321928716258801151e-01
7.289936944362553442e-07 5.222708498157552226e-01 5.117027219432743550e+02 4.910414520630523465e-06 7.247883877649429207e-01
1.819322564474508914e-06 6.141315457371092634e-01 3.535416580148026924e+02 6.724161620637230550e-06 5.755227145781240949e-01
9.504548401508753334e-07 5.802940059627571534e-01 4.261368984434389517e+02 3.441322417800545966e-06 3.511292741128199113e-01
1.520490878734363206e-06 5.495494230333092256e-01 3.338454419544749499e+02 3.380139910121690023e-06 5.763576723257803902e-01
7.861689322174429348e-07 5.574107042559566239e-01 5.200683208490717107e+02 5.776076275475620935e-06 3.640574688092992339e-01
7.951607019907408578e-07 5.461044590762478279e-01 5.318793432138975277e+02 7.044610178750545451e-06 3.618783246190463987e-01
1.153570792900712377e-06 5.465940202689492100e-01 4.643608623782743052e+02 2.529039617587177513e-06 6.858371019501319221e-03
1.094569301194255140e-06 5.750394303874870605e-01 5.373430268254713837e+02 4.068160043011320037e-06 2.552728996859320865e-01
9.881239653482901209e-07 5.553832952311552607e-01 5.174756798989686786e+02 4.814680532739722279e-06 2.773842551128477552e-01
1.809164017936551831e-06 5.296420194745822263e-01 4.815951162329061503e+02 4.299459083491534909e-06 5.145146698446755318e-01
1.347582333314580830e-06 5.309565953218654544e-01 4.902756901637932856e+02 6.257632630013270481e-06 9.392688823814726584e-02
1.212105864988376380e-06 4.080885259037009272e-01 4.606797885469568428e+02 2.394109237968138357e-06 4.814011706958721826e-01
1.233895727240212418e-06 6.680673620854032935e-01 4.751863435155909769e+02 4.669677613117391513e-06 2.445649688289934232e-01
1.661233476548321871e-06 5.710060003015376973e-01 4.638809799526230222e+02 6.622503554990401416e-06 2.658260250021072801e-01
1.839428993430519055e-06 4.983171955268885234e-01 3.402986701488578660e+02 4.891885081092752757e-06 5.350143715017541268e-01
1.526211467485632027e-06 5.984654267626864366e-01 4.874847860800125545e+02 2.114204061878112948e-06 2.562687804609309894e-01
1.298284091613056103e-06 3.013006170885274559e-01 4.650263907215292534e+02 3.508918328311343874e-06 5.526965980175202464e-02
1.692775884581265871e-06 5.637635881786541292e-01 4.691457139505311602e+02 3.983993307931016966e-06 4.483404158660588279e-01
1.423705116035032594e-06 5.642156890138445569e-01 5.101953116046870491e+02 3.087278292264315036e-06 3.227883837680838308e-01
1.386939157448508038e-06 4.964108733600698931e-01 4.540507496943577621e+02 6.492564311265667780e-06 4.631059403783758244e-01
1.124918477184274583e-06 6.035023404534867186e-01 5.144482843196153681e+02 5.792460384742193448e-06 6.980547771807998902e-02
1.066331955074837735e-06 4.952114844455567932e-01 5.670649632527675976e+02 6.384509514716105394e-06 5.949802772276520102e-01
1.037070883689796244e-06 6.057926611823967189e-01 5.201687257894730010e+02 6.796355265804236278e-06 1.027661164781240311e-01
1.710795500824077482e-06 5.229407245369913637e-01 4.858982590518011762e+02 8.390421136205976997e-06 1.297109282372191918e-01
1.598739163655437604e-06 5.462772119338483723e-01 4.102297832017979999e+02 5.752250317681598995e-06 7.524180828034865431e-01
1.531961563210003522e-06 5.800884878918992626e-01 4.543674131955942812e+02 7.830800905061961151e-06 1.512826834795406028e-01
1.759799258914040801e-06 6.009978361370085231e-01 4.295115002744698245e+02 3.479055134312904086e-06 1.481335984770968950e-01
1.239457600456010866e-06 5.796980828580446943e-01 4.609267600476894700e+02 3.020040300448953256e-06 2.466422954520265387e-01
1.731182744634412771e-06 4.937499993315740410e-01 4.481519334520465918e+02 2.285282151792480327e-06 2.591595365563720277e-02
8.427600496932682271e-07 4.479902405169363666e-01 5.371571117146471579e+02 5.254457619861257960e-06 6.187263842088769339e-01
1.917137629811892781e-06 4.075262312337507575e-01 5.030959064335668245e+02 7.506342317007775453e-06 2.698854118001600133e-01
1.740019883577090838e-06 6.067589693473462997e-01 4.343177473611966093e+02 6.493394260393036298e-06 3.860065106166726268e-01
9.817411447907671119e-07 3.488843366595439921e-01 4.743567439711941347e+02 3.261458996564835392e-06 7.664014106713946672e-01
1.088482786563229117e-06 6.045742392595470083e-01 5.142254027411260040e+02 1.827065720916006417e-06 3.395274300994186034e-01
5.528165298991830238e-07 5.199416070650701993e-01 5.203982269084821155e+02 7.133076314323817091e-06 6.569872484657928169e-01
1.633937022723788570e-06 5.534410450486303423e-01 3.579207175354760011e+02 4.660915550532021818e-06 -2.304259015017590673e-01
1.742093673922367674e-06 5.529195964689527232e-01 3.728912889043622840e+02 4.122650528922626022e-06 4.542906276544048660e-01
1.583701802012893905e-06 5.712516822422291085e-01 3.688207749685080898e+02 6.149767921245670861e-06 6.247296291360474596e-01
1.167260048406423719e-06 5.894176129680078757e-01 4.777877675471086150e+02 3.879192253904343001e-06 4.216078485930727093e-01
1.366524291930889300e-06 6.002088666194964617e-01 4.942294030357634824e+02 6.060000673670499218e-06 2.477540250843229819e-02
