1.528552246603906983e-01 2.957026980349261702e+00 -7.112927091796654722e-01 3.923545183105636158e-01
2.709609789231257754e-02 3.821553932325289171e+00 -4.726138260436345551e-01 4.116709382363819003e-01
1.097787885736450919e-02 2.721792762852399683e+00 -6.788122492430620492e-01 2.205167395982159384e-01
1.130918695567182386e-01 7.079581452609371439e-01 -4.684394569881792370e-01 3.005000001643886587e-01
1.328320279948317639e-01 2.829507121789966995e+00 -4.638158839406331113e-01 4.131159826978083038e-01
1.184741750141655725e-01 2.875919061145820521e+00 -5.088708198568692165e-01 2.797980674308799265e-01
7.446970213509286618e-02 3.636250521932346214e+00 -1.827569374116510548e-01 5.823596805258896003e-02
4.200040334770673012e-02 1.751500220500164184e+00 -8.255808712979589847e-01 4.677914643375822856e-01
7.066093935219291966e-02 2.249983039368681048e+00 -3.899943791267593829e-01 3.901239178760220749e-01
3.766396284726886839e-02 9.412257101678687121e-01 -3.064038803938954336e-01 2.299228168848256315e-01
3.419401718623604758e-02 4.117106725209274121e-01 -7.286152229362741206e-01 4.835961001184596597e-02
1.688578378921319623e-02 1.834628116811917842e+00 -1.632986485123144593e-01 3.886199809364162538e-01
6.213938046276798466e-02 1.265032478452793541e+00 -1.277194115898881988e-01 1.201466729707605929e-01
4.251753517635863122e-02 5.711882233901097727e-01 -1.802304641391085371e-01 3.087551117038076498e-01
1.679767178748461931e-02 2.376880003832261501e+00 -2.453068123749556628e-01 4.924510423890017252e-01
1.485157698668532755e-01 2.962471191289479666e+00 -3.217260940833848726e-01 9.892195155300370635e-02
1.183522342099423141e-02 1.810319169174523735e+00 -4.709628536880004490e-01 1.283145467518842231e-01
1.150634829521934993e-01 2.035538112361437335e+00 -3.943433129783256996e-01 1.525919330764013981e-02
4.965823881305610199e-02 3.033161943007660177e+00 -5.136208947513082324e-01 1.958053475108914865e-01
9.481616951334438659e-02 7.267823970208791007e-01 -2.244256771135548778e-01 2.522877055971011195e-01
8.304241951841150049e-02 1.732402398297414159e+00 -6.365328448574678610e-01 4.791428696744937099e-01
1.166038615736542938e-01 4.827185123645185705e-01 -7.899554624153251048e-01 1.658954265789423510e-01
1.485050107808610631e-01 2.080083473789981596e+00 -4.962191393053119182e-01 8.979956626715265844e-02
1.330391783565847419e-01 2.888460313443356853e+00 -1.852597560612427308e-01 3.473054506667474506e-01
1.074447832798110514e-01 1.213484851266419140e+00 -4.830386633730350820e-01 2.527464887506803981e-01
4.395252307266055841e-02 1.913881236317285905e+00 -8.584022489596433436e-01 1.891577622466601716e-01
8.278971513592661702e-02 3.374519568112597234e+00 -4.924602418978551999e-01 2.688755957883429137e-02
1.480072939781937325e-01 3.737221195860942480e-01 -2.671383316003640429e-01 2.922996485336793460e-01
3.913192194263886287e-02 3.468002264545336555e+00 -2.503598084973694404e-01 4.713168920733489253e-01
1.085057378876531226e-01 2.110141447487611011e+00 -3.082637551782665963e-01 2.045855214869901906e-01
6.254501259295372484e-02 3.126200095651530120e+00 -6.779027625788837108e-01 6.396890779231875768e-02
1.581324605009941653e-01 2.021738090870806026e+00 -6.559568783306622963e-01 4.968176759764194594e-01
1.039626046224609301e-01 4.472161594342407565e-01 -7.554470449679691058e-01 3.001032251186026567e-01
9.310383977221398100e-02 3.971596926582144249e+00 -7.496966894403933601e-01 1.668933581525664789e-01
1.194212072313788481e-01 2.805673610835135001e+00 -3.193104155874418870e-01 3.537660509593775759e-01
6.286150975424495413e-02 2.946281641119811390e+00 -4.773217152150137088e-01 2.181282337418142259e-01
8.905661519677220139e-02 2.614467446784340510e+00 -1.765788297795022888e-01 1.625463710004602380e-01
1.221216578170538358e-01 3.210621653008119303e+00 -3.531057153628178735e-01 3.970351337408062342e-01
1.411686180479073127e-01 4.216582802701021038e-01 -8.400940259959059908e-01 7.055665310512584942e-02
3.805622432403170385e-02 6.627758846288038797e-01 -3.017259783923802452e-01 1.123617859278724929e-01
9.627959350973605557e-02 2.344332526955381191e+00 -3.132526163346641690e-01 2.857353831502600916e-01
1.342996975539454962e-01 6.194719271256179383e-01 -4.085518126651351833e-01 1.274450625296990602e-01
3.403250387123580439e-02 3.559662194340158514e+00 -5.856440368945022845e-01 1.409637014139686617e-01
6.095906022672843705e-02 2.209949527923457779e+00 -1.072099368302962930e+00 6.538902757456130366e-02
1.120699195828631783e-01 7.271103047221960658e-01 -6.104859173701381314e-01 2.067383181897442801e-01
1.052171285398462858e-01 3.712831678283052828e-01 -5.183604356133139079e-01 7.613877711911223867e-02
1.115797195015052479e-01 3.719018240395014274e+00 -2.066009329405981143e-01 3.793070612327095192e-01
8.769403986545393215e-02 2.880057851276505598e+00 -3.287538559738170663e-01 1.115811026563956476e-01
1.239895529436070704e-01 3.314349549027025610e+00 -4.345261502751828764e-01 6.926092293848876147e-02
5.886225831609824544e-02 6.929840564065605779e-01 -5.527899501953050798e-01 4.235246131404565850e-02
1.383128817164174795e-01 2.839363258934997081e+00 -3.648823701278107179e-01 3.477657122079818031e-01
1.560434000959718959e-01 1.339341166880448242e+00 -2.927971626163190511e-01 1.703450796476042861e-01
1.204192447849802422e-01 2.729761921427249050e+00 -2.967097869800225385e-01 4.872253291747544734e-01
1.435681029567311418e-01 2.791333358392948938e+00 -4.787163748557796694e-01 1.281553862375579833e-01
1.282536297008668169e-01 3.826816032775999687e+00 -3.464711374091938856e-01 1.826400446424569224e-01
3.883245801390520363e-02 2.767117442698860508e+00 -8.115181798009118985e-01 2.655617993097736385e-01
7.771892333491985105e-02 7.454772272385805643e-01 -8.312183427525388080e-01 4.898913333547749716e-01
3.895154655069955896e-02 1.509887346745587999e+00 -6.197087815012772838e-01 2.030300158831590263e-01
1.312304256471529262e-01 3.197694423804788411e+00 -8.195534663885760684e-01 4.076612104283733329e-01
7.422105935788467224e-02 3.883573578278010086e-01 -1.673309863904748340e-01 1.105952041810183140e-01
1.014100259057086478e-01 1.467172979078450457e+00 -4.898987906535947068e-01 4.013720449448238137e-01
9.032654426436126371e-02 2.052970263777313953e+00 -7.218950725159285486e-01 2.093172866970614554e-01
2.206525196362325858e-02 1.812825774475455232e+00 -2.963936719953108034e-01 3.528553121912358925e-02
5.070352656216572940e-02 3.291445698476347381e-01 -7.261980703717922925e-01 2.057245745002980186e-01
1.085107605600980074e-01 6.785062014455853774e-01 -7.070583395039733432e-01 2.278695093521815873e-01
9.495377106655358834e-02 4.296792430208757896e-01 -3.865998844702108195e-01 4.137936122310171272e-01
1.321482731627157126e-01 1.003963562256971143e+00 -7.648090196554395703e-01 2.892283900307008326e-01
1.061478161384475788e-01 2.272568105799197546e+00 -4.877118208029488922e-01 1.486018085638205477e-01
5.935170759605554874e-02 3.547771194771508263e+00 -5.278054392160528296e-01 2.678406236721681544e-01
1.224528120949050641e-01 1.870393895099103476e+00 -1.106341282511575375e-01 3.434831101021886823e-01
6.960023395934611390e-02 3.368510455532831571e+00 -7.221423294023201489e-01 2.743437178542898480e-01
1.057470627391004225e-01 3.655491478607864053e+00 -4.129910936634233476e-01 4.992533953769673349e-01
5.997728970162687773e-02 1.860948803703119658e+00 -7.217569343522720615e-01 1.153645229943950912e-01
1.005669469469880339e-01 7.270865960411505569e-01 -1.446777851605675069e-01 1.036333644267701803e-01
1.960264364435977680e-02 1.448954818630839636e+00 -4.622523315974007563e-01 4.639129393438545801e-01
3.006655032515394982e-02 3.913282117853862374e+00 -2.107381478103985128e-01 3.655587572523899542e-01
1.377640202772909273e-01 2.958057080947154471e+00 -7.445424801990633279e-01 1.456888421029424452e-01
4.007432948780487170e-02 3.342139948215558043e+00 -2.307921983156547840e-01 3.612272938886725293e-01
7.099836660787056664e-02 4.897330390161966918e-01 -4.213102584883939850e-01 4.035735137717696985e-01
1.000805294276003593e-01 3.770585848546907037e+00 -8.631434097200929578e-01 2.640157550039081702e-01
4.746371464247631927e-02 2.690756140351015624e+00 -7.843040886129161171e-01 2.308445634471655850e-01
2.404453773331580169e-02 2.408651820717903735e+00 -1.824021432430109058e-01 9.278053428987875773e-02
2.506862494552595383e-02 2.286888841462352939e+00 -5.892195203282233340e-01 2.739277647147657091e-01
1.395411923307557089e-01 2.400820992922379826e+00 -9.271736252261171263e-01 4.036697862692130157e-01
1.028854170259989320e-02 3.117677593167682559e+00 -7.553864466993112092e-01 1.289506118247157607e-01
6.927439012324818068e-02 1.743561588815582208e+00 -3.369449326872382966e-01 4.123928035412910420e-01
1.351222939749524565e-01 3.765658639231192151e+00 -7.751880827657348094e-01 2.136030289799330795e-01
7.664737029112242417e-02 2.657079409696652572e+00 -9.411757351586831355e-01 1.052366529621020230e-01
6.283294250706153439e-02 1.874693638179107946e+00 -4.472794912696084202e-01 1.826521488594401998e-01
1.228976242822915621e-01 1.964215553207076637e+00 -9.188873927931813235e-01 2.787842410160189521e-01
7.633315869053233782e-02 1.358188308247291864e+00 -8.137018791246275473e-02 4.733681958982565163e-01
1.235039541526668644e-01 3.543990607671865689e+00 -9.053013741742543807e-01 2.524143534209872253e-01
1.569672480713851237e-01 2.014213866886910509e+00 -4.412287292544162520e-01 2.134657450813365609e-01
1.261359854622095544e-01 2.231428010272641593e+00 -7.235280929061114197e-01 2.401133857005596228e-01
1.335086146467778512e-01 9.128863588059654699e-01 -9.125013496019891424e-01 2.091879704565398346e-01
5.581605370970068453e-02 2.858904867148529316e+00 -7.532623793021878678e-01 2.303370019867878593e-01
7.795376335958340008e-02 2.886459773740011947e+00 -8.678025175924265477e-01 3.892952542758279511e-01
8.743544018308090082e-02 3.199014998463236559e+00 -6.477881566915050238e-01 2.529432309564804138e-01
1.255864038198471200e-01 2.103083637320905197e+00 -4.722119957000102120e-01 3.945547195435658017e-01
6.056360806832329635e-02 2.632706685708807282e+00 -5.613221704006023938e-01 1.227266723157416639e-01
1.435914371606468176e-01 1.718306675087585944e+00 -4.090013022560974876e-01 1.235095495999631865e-01
1.384612452553616868e-01 2.106337967607062822e+00 -8.136945374977510026e-01 4.694044267370585111e-01
4.873869294295983534e-02 1.488492613295139044e+00 -5.974604818307597265e-01 2.092175463280564751e-01
9.372582154018209433e-02 1.708288222443405502e+00 -3.769005722051721463e-01 3.099700437502057593e-01
7.212192304591816261e-02 1.989675404431709094e+00 -3.015332912414914746e-01 4.949135901522552228e-01
1.108699207035580420e-01 1.829264389848993533e+00 -3.555554741513917705e-01 1.823459677972621984e-02
1.571415938845209803e-01 2.842086084140263313e+00 -9.857929456258679446e-02 3.651128057885729694e-01
1.068213265060032335e-01 1.300066982290863482e+00 -9.070610992885275170e-01 4.057843748622007585e-01
8.579061010866240178e-02 8.815837675748792179e-01 -9.480547738689439896e-01 4.741684097019804867e-01
8.173170231458545820e-02 3.812438402442516416e+00 -7.850044723890794440e-01 1.571587475791327848e-01
1.311185799776971583e-01 6.725162129233837049e-01 -3.843391627869469085e-01 1.255981416685149066e-01
8.124045368226810726e-02 3.417483495382723113e+00 -3.821518156574706948e-01 3.386220665436952548e-01
9.169729968382046847e-02 1.122470548795448275e+00 -4.415230285472815375e-01 4.623623361094462147e-01
9.463207167420553678e-02 1.421196542136508700e+00 -1.725985373146102231e-01 3.560298860793483788e-01
7.455468523468306019e-02 2.343381908575466799e+00 -9.240355445315047156e-01 2.023103796737181492e-01
7.322455363037685960e-02 2.185141116811560646e+00 -4.215247098752319399e-01 4.229130026080645255e-01
7.948749322954463958e-02 3.647574426025443017e+00 -2.468294478400527292e-01 3.444349079458234320e-01
1.286413597425044852e-01 3.541474661064247798e-01 -6.020212029965658074e-01 1.138474609606997257e-01
7.276298016130479385e-02 3.839241926347327194e+00 -1.499098227078710655e-01 4.926178218716018020e-01
3.085897863107381345e-02 2.318670230737763127e+00 -5.201675302356991715e-01 2.819542231480349770e-01
1.267864698114276878e-01 2.804693347178574214e+00 -5.235732066857347045e-01 5.286562977185710333e-02
1.065483748547877418e-01 1.013225969821403227e+00 -1.064492296172794950e+00 1.471902827522209578e-01
8.048725034924172905e-02 3.785891398329396029e+00 -6.130169079978953217e-01 2.206253683427334411e-01
7.055627301543196395e-02 3.843980565142331329e+00 -5.957958652957995316e-01 3.477745777736133137e-01
8.655936453164198019e-02 3.405784947567400245e+00 -4.661076794654204769e-01 1.519145995522070414e-01
3.963062994146313717e-02 2.057374857521672151e+00 -5.590860835162400067e-01 1.225401027690650180e-01
8.093875597964013402e-02 2.384993217152022282e+00 -2.565728997649285859e-01 2.700291856252036715e-01
1.349760722576391070e-01 8.180971441850071191e-01 -8.236236128259535327e-01 4.017832538627778005e-01
3.163565921925007990e-02 8.661740740742389644e-01 -3.299718222606516371e-01 4.248216181643724720e-01
1.060837661822348899e-02 3.178011719119122169e+00 -7.907872971613074675e-01 2.029539399491823159e-01
1.596624678463349767e-01 1.945179974004643819e+00 -5.125029241008570713e-01 4.275288674103152609e-01
8.906997577507601294e-02 3.741199485588890816e-01 -5.113193763252477098e-01 2.210674326497278908e-01
1.523019585770010731e-01 1.351921291100997014e+00 -4.707104198364818193e-01 4.068645711281447808e-01
8.343295113890995818e-02 5.974805316698170721e-01 -7.322158659100773681e-01 4.564795073418443927e-01
9.065615995317599651e-02 1.342997815235244197e+00 -2.581177075691226119e-01 1.277668753021754811e-01
6.526977559734710443e-02 3.886528875816053219e-01 -2.089187993614337047e-01 2.587978023803904071e-01
1.510349764411113016e-01 3.020610808765756605e+00 -4.753844588183595010e-01 2.940638175405017596e-01
1.372283588316152991e-01 2.159258344983479461e+00 -2.356206230288198089e-01 3.976418073213985327e-01
6.713656073811230529e-02 5.103498011142872937e-01 -7.959267948943169468e-01 7.204551612638443459e-02
4.282895316682465425e-02 1.110787762626141317e+00 -1.729767721934303837e-01 5.250125169818314896e-02
8.558961198287376448e-02 3.231555492977261856e+00 -8.825946057499682862e-01 4.899971420654259946e-01
1.485672922534796436e-01 2.024558900052709554e+00 -2.256694905740850299e-01 2.179348703408145460e-01
1.354517969032309477e-01 3.094742232131947990e+00 -1.640055404037891185e-01 3.237077500598060098e-01
1.226438879233879148e-01 1.437808932364205594e+00 -5.588565283085240587e-01 2.858066231266133128e-01
7.291194942574043270e-02 3.711040549253894483e+00 -7.756794334888084119e-01 4.497123941422986881e-01
1.314732281968120364e-01 1.220935497197749520e+00 -2.592869997464533061e-01 2.091783473748623501e-02
1.068888790647005288e-01 4.494870371176755697e-01 -7.827205634531670952e-01 2.292146166212032932e-01
8.168652818763308399e-02 3.837956710577103969e+00 -9.224545577544891461e-01 2.730506335930726891e-01
5.068890882303973139e-02 7.874621301060433787e-01 -5.204593066442579907e-01 1.796618014472874392e-01
1.346317093374889140e-01 2.170095570072176905e+00 -8.545338888429168112e-01 4.466275789896638204e-01
7.205505547910648345e-02 1.591578894262152932e+00 -1.366257508500505757e-01 4.454692077134465578e-01
1.464937099613761173e-01 8.730919979816367249e-01 -3.091610277628984438e-01 3.768701628117648861e-01
1.252242151179269181e-01 9.753665566496239059e-01 -1.660952744973605566e-01 4.362567546676019981e-01
1.272303001014385426e-01 2.334793016847300784e+00 -4.267813876593764544e-01 4.743431690141080570e-01
4.989022342088352685e-02 3.081876804823372673e+00 -5.485625304328767271e-01 4.373704396907331926e-01
7.807709163561976640e-02 3.761445908405409266e+00 -6.758092041101991798e-01 1.540521361383555554e-01
1.531222994701001705e-01 3.160149304378425228e+00 -4.350616917536104800e-01 1.302805165820325461e-02
8.455971709698441308e-02 1.200410084743785966e+00 -5.781073344198982555e-01 2.564020619213731589e-01
5.935313733230890287e-02 2.758090521559780406e+00 -1.122379825781888996e-01 4.882307535349273975e-01
2.082697702902558401e-02 3.684869538135161715e+00 -4.067539019795953226e-01 1.568084794471611143e-01
1.243611246737098552e-01 3.315080035329149410e+00 -8.926591216367112391e-01 2.903715867106322346e-01
3.751324181231661253e-02 1.899079541393626558e+00 -4.932826539499229335e-01 1.606902053688110399e-01
5.231720454577083040e-02 3.630015264044554435e+00 -9.791264450621250948e-02 3.312691099445776999e-01
1.313240803622107988e-01 3.308587663110455157e+00 -4.621968759769873314e-01 6.221489388795833908e-02
1.059775174814233251e-01 2.428520514782860573e+00 -4.249311643768162172e-01 4.867088868768426058e-01
1.398850733704442295e-01 3.765455414366824627e+00 -7.936611223072576049e-01 4.575290292609313081e-02
6.904554759567581301e-02 1.767755455130206599e+00 -4.655756458924247276e-01 2.046542826938111403e-01
5.216729202145482108e-02 3.526298816431590488e+00 -3.385407538732423394e-01 2.113845229728002206e-01
1.298327905204945121e-01 2.833415468181985641e+00 -3.777711625026405340e-01 4.930990277917081666e-01
7.271549338329875989e-02 2.316911904818780954e+00 -2.415673825804851571e-01 2.308532239193447633e-01
1.003617809609546330e-01 3.843092411858093804e+00 -8.520674504241287917e-01 8.457606375918039210e-02
6.007310682642463817e-02 4.587990118134466222e-01 -4.825978661901284550e-01 1.655432875116040758e-01
1.194185270969982532e-01 2.596345976134577516e+00 -5.586570384133129341e-01 2.206916233445839759e-01
6.995048325424484126e-02 2.460284545195639438e+00 -8.203755205903201508e-01 2.358670696466592109e-01
7.453420034541158312e-02 3.235701207247514866e+00 -3.716978729378250801e-01 3.916305069708994058e-01
1.231646640432781659e-01 2.141645079341091051e+00 -8.574919820350470623e-01 2.180172804581442803e-02
1.188402368849757890e-01 2.748539398710223125e+00 -2.211310045336434826e-01 5.022445663385445291e-01
1.192349464402097658e-01 3.877302288233510641e-01 -6.440069818085550901e-01 2.006945477227106145e-01
1.470920129714732294e-01 3.330986379764204752e+00 -2.764384868140616347e-01 4.582116972748515038e-01
9.787049732900401922e-02 1.533819232379924458e+00 -5.424773157451195926e-01 9.670279033745063368e-02
1.036571500473007917e-01 7.730542271700930890e-01 -6.777273588298027285e-01 3.508688720175566211e-01
2.565961929164791572e-02 1.064274835458366208e+00 -3.714866941087945351e-01 8.170589311888484807e-02
5.431427271031130655e-02 2.477045518550753833e+00 -2.594851140076413487e-01 4.478479026643935601e-01
1.067693237582603011e-01 6.993725632210530119e-01 -4.103733227944262874e-01 2.682034227013494476e-01
4.269390667933636863e-02 2.869551682612645926e+00 -4.470715147442282378e-01 1.833769431295909635e-01
8.283212204032400217e-02 2.791280279050031954e+00 -8.716017621253677738e-01 3.809911791936748671e-01
1.257219261334170113e-01 3.263870782197421327e+00 -5.817685600140779512e-01 3.502824133123604300e-01
3.628539526888073519e-02 3.553323037722142530e+00 -6.096405954520693893e-01 3.113636303210691181e-01
7.215080310840202293e-02 3.244315749090277201e+00 -7.535896909776516051e-01 1.380613931844765774e-01
1.342026559050999990e-01 3.022922576028174824e+00 -4.562111948804676298e-01 1.813013172563351927e-01
1.588362341057946714e-01 1.721729549888261657e+00 -5.485784158918669551e-01 4.386083050034236264e-01
1.581977784449856428e-01 1.018839657958778622e+00 -5.178536116661299760e-01 6.386622793759746952e-02
1.387269903338403387e-01 1.778285437535018776e+00 -6.927476886941056344e-01 4.196031981004242351e-01
1.479095665624898803e-01 1.882365545686004005e+00 -9.028596753611800585e-01 3.716916295012875904e-02
1.439364351330206238e-01 2.553054199619308129e+00 -3.836474733555746974e-01 2.651549406945010179e-01
1.583067883615742188e-01 3.887203784488757030e+00 -2.207547469408155383e-01 4.705215474031763656e-01
6.504960865514335111e-02 3.087852071824288114e+00 -8.396856327639873330e-01 4.850342854824520877e-01
5.411601475979321840e-02 1.903721362212026813e+00 -6.129668071117586603e-01 1.834181260769293109e-01
8.249220107888172171e-02 1.832183507896965713e+00 -3.043339686266687272e-01 1.547240379978447322e-01
1.479908464019013825e-01 1.635129402262943898e+00 -6.632789594971022495e-01 5.743756135114011507e-02
5.738685855975868277e-02 3.387490825194239275e-01 -5.625909924320706690e-01 7.590716036695685509e-02
1.060800879749240755e-01 2.625977274954105933e+00 -4.125272757595661588e-01 3.691015699343714318e-01
1.504040711519954443e-01 2.669177360791999298e+00 -3.226859268245961809e-01 2.865807055885102872e-02
7.596401629356828999e-02 4.440986845463090749e-01 -8.321600826584980570e-01 7.109486102273346320e-02
1.476983223943767465e-01 3.014433388125249635e+00 -1.259070096772070824e-01 4.006211902812288894e-01
3.860356613226130496e-02 3.592634130437737383e+00 -1.735750424078237319e-01 2.185708393836737484e-01
5.059379963805599872e-02 1.905391752671795391e+00 -8.998866941145031717e-01 2.008504360562164692e-01
1.020120787986672495e-01 1.105250661243432964e+00 -1.154877548792151987e-01 4.531633751061000526e-01
1.029751367205941626e-02 1.785847462091760152e+00 -6.137305359426635798e-01 1.219180313834065110e-01
1.051590184395206767e-01 3.323138858418503094e+00 -3.242310571567890154e-01 2.106860707855037762e-01
1.417521038155021840e-01 1.930920449442568687e+00 -1.416357085604943999e-01 4.161377385255371486e-01
1.364906933009134571e-01 3.119164880257540240e+00 -9.589753070558379999e-01 3.860150371990455076e-01
4.789192321466649582e-02 1.276879041750898836e+00 -7.589620140067169229e-01 1.124639361697568896e-01
1.366665647977711728e-01 2.026924264897038253e+00 -2.168410473960791229e-01 3.231553310731048456e-01
6.554411238348822888e-02 6.366687025510995301e-01 -7.505625962445324761e-01 4.052063258301055737e-02
1.167829274675027951e-01 1.044709931214711673e+00 -7.149836173608952183e-01 3.741146649021405701e-01
1.269741353498682335e-01 2.267083410350002382e+00 -8.888443825310858859e-01 1.262627291408873198e-01
1.119065570933110570e-01 1.557822956480228616e+00 -9.747657703725558509e-01 3.465432605383219622e-01
1.141699952478863606e-01 2.524492821192129366e+00 -6.801751549470030911e-01 8.097468784860642477e-02
1.032940880150119700e-01 2.578450631039803653e+00 -8.536915862504892427e-01 3.457707485528002667e-01
4.458556211315897050e-02 2.273062062060534849e+00 -2.534266587292763884e-01 1.519136449736379624e-01
1.580234918011059475e-01 1.459873029936087141e+00 -1.505592774424591163e-01 1.904786366946384091e-01
7.842054752381927285e-02 6.630264560573051469e-01 -6.913815429560014048e-01 4.208019994783184226e-01
1.312319467516751825e-01 2.982489842914564093e+00 -5.136263124773574607e-01 1.923724493909504951e-01
9.452590852783782083e-02 3.135646663644704457e+00 -2.775944995948247396e-01 1.572065187189358726e-01
8.974344885585862353e-02 4.933904777541582298e-01 -5.584322438760777052e-01 3.355587001068986441e-01
1.147174515584001991e-01 1.313752401505279721e+00 -1.844880770987854524e-01 3.327777016089440432e-01
6.809215389701242516e-02 3.689607166069240662e+00 -1.842526366258556147e-01 3.294481159257223735e-01
1.590756524700881469e-01 1.686504717158293865e+00 -1.079874211107737514e-01 4.239234622590846158e-01
1.412852998017360140e-01 3.671863033959590794e+00 -5.348434675839947028e-01 3.371803531906708562e-01
2.940906761120747753e-02 3.295303806039369121e+00 -3.844026218096230907e-01 1.624438216195543405e-01
7.171441250724713834e-02 1.629267756908102882e+00 -1.136668979382933209e-01 5.375251034137765171e-02
3.808079602542235875e-02 2.840780769984438514e+00 -4.399649424662964714e-01 2.981277983525450481e-01
1.041329850556520636e-01 3.512874702000433835e+00 -6.480694671387007277e-01 9.560697079495886208e-02
1.092658668106220726e-01 3.463028447635586815e+00 -6.969245488469753003e-01 2.283057497215023879e-01
1.014256888806124857e-01 1.715032949109652094e+00 -6.603006806888523927e-01 9.692528142483936016e-02
2.925775149115811963e-02 9.984142007260126128e-01 -6.061413828701662787e-01 4.240363457592493113e-01
1.284559879691380135e-01 7.877156508744576069e-01 -3.279053670325583481e-01 1.452261429802880754e-01
1.613399579537709572e-01 3.385093459000132476e+00 -9.203737321708245211e-01 9.495522321817409517e-02
6.697292724747097581e-02 1.936252658756859590e+00 -1.581338916154119700e-01 3.011236316186987061e-01
1.222499616797644295e-01 2.759780329873533944e+00 -6.470780036345686881e-01 3.599212417811029074e-02
1.435243906842785244e-01 3.704212100812290132e+00 -8.409782180829150633e-01 4.339539479178084469e-01
1.218928986774937828e-02 1.453299770554814074e+00 -2.727355898886613117e-01 1.329839530750804577e-01
3.281950469868692710e-02 2.361303016663560683e+00 -4.014767582889431363e-01 1.483275117101599261e-01
5.266285842612902085e-02 2.721564738002667294e+00 -9.481979814504741810e-01 3.847758238296827837e-02
8.622343076143991480e-02 6.348534288233111944e-01 -4.548763828724627367e-01 4.437426317977039014e-01
1.572685091852415451e-01 1.081602487159208259e+00 -4.443357485079298952e-01 1.457523027458842435e-01
1.073004761654248046e-01 2.616396659736196728e+00 -5.408588737160719973e-01 3.568776937172071784e-01
7.176185638568001457e-02 2.505808295024845034e+00 -4.321992256673690136e-01 2.636220292024503142e-01
1.465633488508592819e-02 1.890054942943877991e+00 -6.175029770100628479e-01 3.177779962010272019e-01
