4.083036943919848283e-01
3.303127103161005995e-01
2.430880937804341668e-01
1.894518897946323166e-01
1.517907917888205449e-01
1.553486561162646384e-01
1.398467567706348502e-01
1.507045819765915895e-01
1.487254500102509480e-01
3.232515921045396867e-01
2.455622121374706757e-01
1.899986814550479741e-01
1.562218595545291078e-01
1.318902291318323483e-01
1.211309264974426148e-01
1.129706569836023689e-01
1.191366334760671220e-01
1.065862410493172430e-01
2.887542123675769234e-01
2.130451097302510088e-01
1.643228800393995992e-01
1.224475133061143084e-01
1.182411334070408437e-01
1.114151802139964897e-01
9.404512780707779962e-02
1.077187813338538191e-01
9.245564348944335098e-02
2.547702473770407927e-01
1.972024042081007011e-01
1.461491082626790172e-01
1.225926056255040031e-01
9.949397148931993229e-02
1.177588160050342947e-01
1.092805856426201649e-01
1.023479405654468821e-01
9.607842908161612350e-02
2.379484256395056063e-01
1.900022999323481288e-01
1.438004990696492014e-01
1.219741184488820629e-01
1.126633859638982438e-01
9.959047753211602849e-02
9.412036211918511919e-02
7.644752221835077188e-02
1.013109260440159809e-01
2.118380364180447450e-01
1.860230958060736239e-01
1.418747442508778156e-01
1.270057936866663684e-01
1.203391788565644216e-01
9.818710396077279245e-02
9.464768998882783224e-02
9.490940090194543988e-02
9.710698248177607184e-02
2.135361696890904770e-01
1.685707435432837187e-01
1.292123662508888327e-01
1.218281163670450473e-01
9.925254731564969735e-02
1.079238824810548336e-01
9.872607496347235445e-02
9.976745164113004494e-02
9.637495365233439415e-02
1.928748088647223025e-01
1.660710748649771862e-01
1.371258035508237660e-01
1.273848947211953520e-01
1.104582373646763593e-01
1.158688306179986305e-01
8.846955452911087203e-02
8.986374247503742252e-02
9.900068572678843992e-02
