5.515774291474397906e-01
4.753915645481737728e-01
4.165734462605722443e-01
3.445117419040011342e-01
2.358180735792660410e-01
1.563192344723053351e-01
1.338349440214105512e-01
1.289229980573568524e-01
1.270306596816846434e-01
1.237571726117729920e-01
1.281948615412030756e-01
1.215552987680645902e-01
1.222409374295166939e-01
4.554432092125801912e-01
4.063843309730347242e-01
3.427473921537228518e-01
2.634140942826488363e-01
1.844862546156959549e-01
1.423459703289141620e-01
1.250185635975981091e-01
1.195615318789243764e-01
1.088224894693868294e-01
1.078984517259352627e-01
1.083581162024775391e-01
1.047778860214594876e-01
1.121123974923567967e-01
4.158998729093961733e-01
3.662338124938102624e-01
3.064338797666812386e-01
2.232513520515531369e-01
1.762238482553381558e-01
1.378773697223016348e-01
1.166748420144099740e-01
1.104397160380458098e-01
1.137563452149896737e-01
1.042385053308820253e-01
1.011976335558886775e-01
1.115334921674456803e-01
1.064281566375527288e-01
3.952004818799070285e-01
3.351813223058109359e-01
2.682970180987307440e-01
2.121154122826388599e-01
1.680820981197824748e-01
1.357879418209920197e-01
1.213195717485785474e-01
1.155246985898347178e-01
1.086766711397670893e-01
1.018046434727328253e-01
1.039048141748365461e-01
9.902882165702542316e-02
1.040918379075418398e-01
3.704095497029857853e-01
3.148644012175821350e-01
2.536885830783366380e-01
1.993601335185528900e-01
1.629772599927816756e-01
1.372221728583622458e-01
1.241110190865202245e-01
1.118729814584736304e-01
1.101606369086652326e-01
1.018740373732420768e-01
1.033209815743897364e-01
1.055358555061093884e-01
1.060401555493851178e-01
3.525226021760832773e-01
2.992593808885705142e-01
2.446612980998143227e-01
1.947348141163489643e-01
1.623035796012408660e-01
1.372915581983635280e-01
1.249105856186950581e-01
1.202618327844597879e-01
1.080941261188014813e-01
1.045812487126578927e-01
9.944162441873133362e-02
1.066242048354398286e-01
1.038411281249951301e-01
3.390749107680816610e-01
2.817146491630935223e-01
2.351940668261912060e-01
1.939906359043978012e-01
1.596547385130385188e-01
1.381876586577069355e-01
1.276617717122981999e-01
1.194294107536564287e-01
1.148427186824792501e-01
1.126635041154681605e-01
1.086293694620401595e-01
1.003358397879192121e-01
9.857946550947765951e-02
3.298128109886655501e-01
2.751416513301272460e-01
2.270184073269758407e-01
1.851258293956308809e-01
1.597386589027694481e-01
1.387950164073565307e-01
1.243978625313149067e-01
1.192611047264770519e-01
1.115139193337595369e-01
1.125447426212152768e-01
1.080281958783980700e-01
9.689484829444233727e-02
1.024987279201430845e-01
